  0.0900000036  0.564120591  0.899512708
  0.0910526663  0.519310474  0.909867227
  0.0921176374  0.546048641  0.921245158
  0.0931950659  0.569657266  0.929628134
  0.0942851007  0.587672949  0.938536227
  0.0953878835  0.606978059  0.951191247
  0.0965035558  0.628638804  0.961233795
  0.0976322889  0.651102364  0.969436705
  0.0987742171  0.67494899  0.971561372
  0.0999295041  0.691391766  0.968065977
  0.101098306  0.703701854  0.969905257
  0.102280773  0.718592703  0.9709813
  0.103477076  0.730795622  0.968609869
  0.10468737  0.739167511  0.966908336
  0.105911814  0.747025013  0.968130887
  0.107150584  0.757732391  0.967186153
  0.108403847  0.764190137  0.960139751
  0.109671764  0.76379168  0.955003381
  0.110954508  0.761426449  0.952500343
  0.112252258  0.755681634  0.950253844
  0.113565192  0.74457258  0.951114774
  0.114893474  0.729466915  0.960007846
  0.116237298  0.718390048  0.979230702
  0.117596835  0.715354145  0.999045968
  0.118972279  0.712373674  1.01668584
  0.120363809  0.710696578  1.0395205
  0.121771611  0.71632278  1.0624162
  0.123195879  0.722508907  1.0795815
  0.124636807  0.726078928  1.10007858
  0.126094595  0.737144887  1.12439954
  0.127569422  0.754462481  1.14031422
  0.129061505  0.767347872  1.14919066
  0.130571038  0.775882721  1.1594317
  0.132098228  0.784737647  1.17160654
  0.133643284  0.795508623  1.18335509
  0.135206401  0.807192743  1.1916579
  0.136787817  0.815301418  1.19636118
  0.13838771  0.818668008  1.20302153
  0.140006334  0.822122812  1.21375465
  0.141643882  0.827684104  1.22480047
  0.143300578  0.83311677  1.23463845
  0.144976661  0.837779164  1.24485505
  0.146672338  0.84303987  1.25521207
  0.148387849  0.847682357  1.26334882
  0.150123432  0.847549677  1.27156377
  0.151879311  0.845174909  1.28744531
  0.153655738  0.851872444  1.30919492
  0.155452922  0.868004143  1.32123387
  0.157271147  0.875597417  1.31872368
  0.159110621  0.866378427  1.32063222
  0.160971612  0.855759561  1.34090734
  0.162854388  0.858438551  1.36713505
  0.164759159  0.868059695  1.38375151
  0.166686222  0.871732414  1.3945123
  0.16863583  0.869734764  1.4102329
  0.170608237  0.870772123  1.43228877
  0.172603711  0.87748909  1.45401132
  0.174622521  0.885412872  1.47123277
  0.176664948  0.890615523  1.48662579
  0.178731263  0.893162131  1.50367188
  0.180821747  0.894951761  1.52380645
  0.182936683  0.897678196  1.54750001
  0.185076356  0.903635144  1.57426596
  0.187241048  0.914162219  1.60187459
  0.189431071  0.928898335  1.6279074
  0.191646695  0.946386456  1.65124154
  0.193888247  0.965606272  1.67157698
  0.19615601  0.985660791  1.6886884
  0.198450297  1.00567651  1.70254183
  0.200771421  1.02473235  1.71316564
  0.203119695  1.0416553  1.7210331
  0.205495432  1.05573201  1.7273041
  0.207898945  1.06691909  1.73319912
  0.210330591  1.0756917  1.73952818
  0.212790668  1.08246827  1.74672496
  0.21527952  1.08775222  1.75518906
  0.217797473  1.09219503  1.76489663
  0.220344886  1.09607089  1.77548397
  0.222922102  1.09921443  1.78660822
  0.225529447  1.10114491  1.79850948
  0.228167295  1.10184956  1.8119061
  0.230835989  1.10189044  1.82752669
  0.233535901  1.10240901  1.84538591
  0.236267403  1.10402346  1.86467445
  0.239030838  1.10670686  1.88451087
  0.241826594  1.10973918  1.90441704
  0.244655058  1.11257541  1.92481458
  0.247516602  1.11519015  1.94625878
  0.25041163  1.11804032  1.96923161
  0.253340483  1.12178671  1.9935745
  0.256303638  1.12672651  2.01884651
  0.259301424  1.13291562  2.04458356
  0.262334257  1.14011765  2.0703516
  0.265402585  1.1479423  2.09610558
  0.268506795  1.15620577  2.12198234
  0.271647334  1.16484773  2.14812708
  0.27482456  1.17392302  2.17466497
  0.278038979  1.18352437  2.20159626
  0.281291008  1.19369102  2.22888446
  0.284581035  1.20443368  2.25648999
  0.287909567  1.2157346  2.28439069
  0.291277021  1.22758365  2.31259799
  0.294683874  1.23998857  2.34112763
  0.298130572  1.25296986  2.36999559
  0.301617593  1.26655734  2.39920855
  0.305145383  1.28078008  2.4287684
  0.30871442  1.29566979  2.45867729
  0.312325209  1.31126189  2.48893571
  0.315978259  1.32759392  2.51954198
  0.319674015  1.34470451  2.55049443
  0.323412985  1.36262906  2.5817976
  0.327195704  1.38141894  2.61347914
  0.33102268  1.40116048  2.64557195
  0.334894389  1.42199695  2.67809153
  0.338811398  1.44407916  2.71095824
  0.342774212  1.46748269  2.74405766
  0.34678337  1.49214506  2.77733946
  0.350839436  1.51808798  2.8111403
  0.354942948  1.54583597  2.84594917
  0.359094441  1.57673752  2.8820014
  0.363294512  1.61245978  2.91828799
  0.367543668  1.65502453  2.95338273
  0.371842563  1.7091006  2.97982025
  0.376191705  1.75853813  2.97864151
  0.38059175  1.77567196  2.97534704
  0.385043234  1.78460932  3.00290394
  0.389546812  1.81299245  3.0460217
  0.39410302  1.86278665  3.08063984
  0.398712546  1.9149822  3.09382796
  0.403375983  1.95511532  3.09683752
  0.408093989  1.98367155  3.10373902
  0.412867129  2.0115726  3.11922264
  0.417696118  2.04440475  3.13695669
  0.422581613  2.07987714  3.15070534
  0.427524209  2.11239862  3.16194749
  0.432524651  2.14225173  3.17643785
  0.437583566  2.17672825  3.19635487
  0.442701638  2.22054076  3.21293354
  0.447879583  2.26721072  3.21600294
  0.453118086  2.30238867  3.20928311
  0.458417863  2.32437301  3.20854998
  0.463779628  2.34810781  3.22287607
  0.469204128  2.38575268  3.238873
  0.474692047  2.43012166  3.24018955
  0.48024416  2.46409154  3.23006964
  0.485861212  2.48574209  3.22410727
  0.491543949  2.50754714  3.22824526
  0.497293174  2.53611279  3.23318624
  0.503109634  2.56625152  3.23134398
  0.508994102  2.59178948  3.2256906
  0.514947414  2.61297512  3.22085476
  0.520970404  2.63232136  3.21740651
  0.527063787  2.65035033  3.21433067
  0.533228457  2.66657162  3.21147275
  0.539465189  2.68077588  3.20923781
  0.545774937  2.69288659  3.20803833
  0.552158415  2.70269203  3.20874691
  0.558616638  2.71138072  3.21282363
  0.565150321  2.72104716  3.22047997
  0.571760476  2.73417997  3.22954512
  0.578447938  2.74952626  3.23562884
  0.585213602  2.76232028  3.23933339
  0.592058361  2.7737844  3.24562812
  0.598983228  2.78922796  3.25035191
  0.605989099  2.80035233  3.24423361
  0.613076866  2.79352403  3.24041677
  0.620247602  2.78303146  3.25896025
  0.627502143  2.78857183  3.28461385
  0.634841561  2.7958014  3.30044103
  0.64226681  2.79688931  3.3276701
  0.649778903  2.82173085  3.36671734
  0.657378912  2.86348367  3.37206101
  0.665067732  2.87321377  3.35815382
  0.672846556  2.87128377  3.36744142
  0.680716336  2.8732338  3.38294721
  0.688678145  2.87810445  3.40214038
  0.696733057  2.88642836  3.42312479
  0.704882264  2.8982451  3.44396329
  0.713126719  2.9128406  3.46267128
  0.721467614  2.92809582  3.47760439
  0.729906082  2.94140792  3.48942852
  0.738443255  2.95151925  3.49971128
  0.747080266  2.95792413  3.51004553
  0.755818248  2.96065807  3.52204275
  0.764658511  2.96031833  3.53733826
  0.773602128  2.95841026  3.55754352
  0.782650352  2.95752239  3.58286047
  0.791804433  2.95933867  3.61199284
  0.801065564  2.96472192  3.64354444
  0.810434997  2.97406483  3.6760745
  0.819914043  2.98733759  3.70809126
  0.829503953  3.00401616  3.73805165
  0.83920604  3.02271771  3.76445866
  0.849021614  3.04125905  3.78716326
  0.858951986  3.05827951  3.80708313
  0.868998468  3.07301402  3.82519078
  0.87916249  3.08503795  3.84248185
  0.889445364  3.09420753  3.85997176
  0.89984858  3.10066414  3.8786943
  0.91037339  3.10493255  3.89970422
  0.921021342  3.1082027  3.92371893
  0.931793809  3.11159325  3.95045948
  0.942692339  3.11572266  3.97946596
  0.953718245  3.12098503  4.01026869
  0.964873195  3.1276226  4.04238367
  0.976158559  3.135746  4.07531404
  0.987575948  3.14532733  4.1085453
  0.999126911  3.15615559  4.14154577
  1.01081288  3.16766524  4.17388582
  1.02263558  3.17921734  4.20572329
  1.03459656  3.19051337  4.23740864
  1.0466975  3.20145559  4.26930523
  1.05893993  3.21215582  4.3017745
  1.07132554  3.22293925  4.3349371
  1.08385599  3.23399949  4.36867094
  1.09653306  3.2454133  4.40284061
  1.10935843  3.25718904  4.43730593
  1.12233377  3.2692492  4.47193956
  1.13546073  3.28147888  4.50672293
  1.14874136  3.29381227  4.54167652
  1.16217732  3.3062048  4.57682228
  1.17577052  3.31862283  4.61218309
  1.18952262  3.331038  4.64778328
  1.20343554  3.34342742  4.68365145
  1.21751118  3.35577703  4.71981812
  1.23175144  3.36808038  4.75631618
  1.24615836  3.3803401  4.7931776
  1.26073372  3.39257669  4.83043289
  1.27547956  3.40482163  4.86808205
  1.29039788  3.41708636  4.90610695
  1.30549061  3.42936921  4.94448996
  1.32076001  3.44165802  4.98321199
  1.33620799  3.45392585  5.02225351
  1.35183656  3.46612167  5.06161118
  1.36764789  3.47820115  5.10132027
  1.38364422  3.49014163  5.14142227
  1.39982772  3.50193214  5.18196011
  1.4162004  3.51357222  5.22297907
  1.43276465  3.52507567  5.26452351
  1.44952261  3.53647733  5.30662584
  1.46647656  3.54780674  5.34928894
  1.48362887  3.55907965  5.39251137
  1.50098169  3.57030654  5.43629313
  1.51853752  3.58149314  5.48063326
  1.53629875  3.59264231  5.52553082
  1.55426764  3.60375166  5.57098484
  1.5724467  3.61481643  5.61700106
  1.59083843  3.62583399  5.66358757
  1.60944533  3.63680196  5.71075106
  1.62826979  3.64771795  5.75849962
  1.64731443  3.65857887  5.80684137
  1.66658175  3.66937995  5.85578442
  1.6860745  3.68011236  5.90533781
  1.70579529  3.69076848  5.95552063
  1.72574663  3.70134449  6.00635242
  1.74593139  3.71184063  6.05785418
  1.76635218  3.72225952  6.11004782
  1.78701186  3.73260641  6.16295528
  1.80791318  3.74289012  6.21659851
  1.829059  3.75312591  6.27100086
  1.85045207  3.7633369  6.32617569
  1.87209547  3.77354002  6.38212633
  1.89399195  3.78374743  6.43885612
  1.91614449  3.79396939  6.49636793
  1.93855619  3.80421424  6.55466461
  1.96123004  3.8144896  6.6137495
  1.98416901  3.82480168  6.67362452
  2.00737643  3.83515573  6.73429298
  2.03085518  3.84555674  6.79575634
  2.05460835  3.85600781  6.85801601
  2.07863975  3.86650991  6.92107248
  2.102952  3.87706137  6.9849267
  2.12754846  3.8876543  7.04958105
  2.15243292  3.89828038  7.11504793
  2.17760825  3.90893674  7.18134308
  2.20307803  3.91962433  7.24848413
  2.22884583  3.93034816  7.31648731
  2.254915  3.94111919  7.38536692
  2.28128886  3.95194602  7.45512867
  2.30797148  3.96283484  7.52577925
  2.33496594  3.97378922  7.59732437
  2.36227632  3.98481131  7.66976976
  2.38990617  3.99590111  7.74312258
  2.41785908  4.0070591  7.81739521
  2.44613886  4.01828766  7.89259815
  2.47474957  4.02959108  7.96874428
  2.50369477  4.04097366  8.04584503
  2.53297853  4.05244303  8.12391281
  2.5626049  4.06400537  8.20295334
  2.5925777  4.0756669  8.2829771
  2.6229012  4.08743286  8.36398983
  2.65357924  4.09930706  8.4460001
  2.68461609  4.1112957  8.52901459
  2.71601605  4.12340307  8.61304188
  2.74778318  4.13563395  8.69808388
  2.77992201  4.14798975  8.78414822
  2.81243658  4.16047239  8.87123775
  2.84533143  4.17308044  8.95935822
  2.87861133  4.18580961  9.04851341
  2.91228008  4.19865179  9.13871574
  2.94634295  4.21160316  9.22998142
  2.98080397  4.22466373  9.32232666
  3.01566815  4.23783445  9.41576958
  3.05094028  4.25111914  9.51032734
  3.08662462  4.26452398  9.60601807
  3.12272668  4.27806044  9.70285511
  3.15925074  4.29173756  9.80084705
  3.19620204  4.30556154  9.90000153
  3.2335856  4.31953669  10.0003242
  3.27140641  4.33366442  10.1018229
  3.30966973  4.34794617  10.2045031
  3.34838033  4.36237812  10.3083725
  3.38754368  4.3769536  10.4134426
  3.42716527  4.39166689  10.5197325
  3.46725035  4.40651894  10.6272612
  3.50780416  4.42151022  10.7360497
  3.54883218  4.43664503  10.8461189
  3.59034014  4.45192909  10.95749
  3.63233352  4.46737194  11.0701838
  3.67481828  4.48298836  11.1842203
  3.7177999  4.49879503  11.2996092
  3.76128411  4.51480341  11.416357
  3.80527711  4.53102112  11.5344696
  3.84978437  4.54745436  11.6539516
  3.89481235  4.56410742  11.7748108
  3.94036698  4.58098078  11.8970499
  3.98645449  4.59807348  12.0206757
  4.03308105  4.6153779  12.1456928
  4.08025312  4.63288307  12.2721167
  4.12797642  4.65058231  12.3999701
  4.17625856  4.6684742  12.5292749
  4.22510481  4.68655872  12.6600533
  4.27452278  4.70483732  12.7923298
  4.32451868  4.72331333  12.9261265
  4.37509918  4.74199247  13.0614681
  4.42627144  4.76088238  13.1983795
  4.47804213  4.77999544  13.3368845
  4.5304184  4.79934692  13.4770012
  4.5834074  4.81894922  13.6187429
  4.63701582  4.8388114  13.7621222
  4.69125175  4.85894203  13.9071531
  4.74612141  4.8793478  14.0538473
  4.80163336  4.9000349  14.2022181
  4.85779428  4.92100811  14.3522778
  4.91461229  4.94227219  14.5040407
  4.97209501  4.96382904  14.6575174
  5.0302496  4.9856782  14.8127222
  5.08908463  5.00781631  14.9696722
  5.14860773  5.03024244  15.1283903
  5.20882702  5.05295753  15.2888985
  5.2697506  5.07596493  15.4512196
  5.33138704  5.09926844  15.6153784
  5.39374447  5.12287235  15.7813978
  5.45683098  5.14678192  15.9493017
  5.52065516  5.17100334  16.1191158
  5.58522606  5.19554377  16.290863
  5.65055227  5.22041082  16.464571
  5.71664238  5.24561501  16.6402645
  5.78350592  5.27116776  16.8179684
  5.85115099  5.2970829  16.9977036
  5.91958761  5.32336998  17.1794891
  5.98882437  5.35003996  17.363348
  6.05887127  5.37710238  17.5492973
  6.1297369  5.40456676  17.7373619
  6.20143175  5.43244267  17.9275589
  6.27396536  5.46073914  18.1199131
  6.34734726  5.48946476  18.3144398
  6.42158747  5.51862907  18.5111656
  6.49669552  5.54824066  18.7101097
  6.57268286  5.57830858  18.911293
  6.64955854  5.60884047  19.1147366
  6.72733307  5.63984489  19.3204651
  6.80601788  5.67132902  19.5284977
  6.8856225  5.70330095  19.7388592
  6.96615839  5.73576927  19.9515724
  7.04763603  5.76874113  20.1666622
  7.13006687  5.80222607  20.3841515
  7.21346188  5.83623171  20.6040649
  7.29783249  5.87076616  20.8264275
  7.38318968  5.90583754  21.05126
  7.46954536  5.94145298  21.2785912
  7.55691099  5.97762012  21.5084438
  7.645298  6.01434565  21.7408428
  7.73471928  6.05163527  21.9758129
  7.82518673  6.08949423  22.2133789
  7.91671181  6.12792587  22.4535675
  8.00930786  6.16692924  22.6964035
  8.10298634  6.20649862  22.9419155
  8.19776058  6.24662781  23.1901493
  8.29364395  6.28731871  23.4411469
  8.39064789  6.32857609  23.6949577
  8.48878765  6.37040854  23.9516296
  8.58807373  6.41282701  24.2112083
  8.68852234  6.45584345  24.4737473
  8.79014587  6.49947453  24.739296
  8.89295673  6.54373789  25.007906
  8.99697113  6.58865404  25.2796307
  9.10220242  6.63424683  25.5545273
  9.20866394  6.68054342  25.8326473
  9.31637001  6.72757483  26.114048
  9.42533684  6.77537584  26.3987904
  9.53557777  6.82398701  26.6869335
  9.64710808  6.87345505  26.9785347
  9.75994301  6.92383575  27.2736607
  9.87409782  6.97519493  27.5723705
  9.98958778  7.02761889  27.8747311
  10.1064281  7.08123589  28.1807938
  10.2246351  7.13618231  28.4905338
  10.3442249  7.19254971  28.803894
  10.4652138  7.25040483  29.1208191
  10.5876169  7.30979443  29.441246
  10.7114525  7.370749  29.7651081
  10.8367367  7.43327856  30.0923367
  10.9634857  7.49737072  30.4228573
  11.0917168  7.56298065  30.7565899
  11.2214479  7.62999582  31.0934677
  11.3526974  7.69827795  31.4335346
  11.4854813  7.7677474  31.7768822
  11.6198177  7.83835649  32.1236
  11.7557259  7.91007566  32.4737854
  11.8932238  7.98289061  32.8275337
  12.0323296  8.05679989  33.184948
  12.1730633  8.13181782  33.5461311
  12.3154421  8.20796967  33.91119
  12.459486  8.28530502  34.2802391
  12.6052151  8.36390495  34.653389
  12.7526493  8.44388008  35.0306892
  12.9018068  8.52531052  35.4121704
  13.0527096  8.6082592  35.7978516
  13.2053776  8.69278336  36.1877556
  13.3598309  8.77893543  36.5819092
  13.5160904  8.86676311  36.9803276
  13.6741781  8.95631027  37.3830414
  13.8341141  9.04761887  37.790062
  13.9959211  9.1407299  38.201416
  14.1596212  9.23567677  38.6171227
  14.3252354  9.33248997  39.0371971
  14.4927864  9.43119049  39.4616699
  14.6622982  9.53180122  39.8905754
  14.8337917  9.63435268  40.3239555
  15.0072908  9.73887825  40.7618523
  15.1828203  9.84541225  41.2043037
  15.3604021  9.95399284  41.6513519
  15.540061  10.0646563  42.1030388
  15.7218208  10.1774435  42.5594025
  15.9057074  10.2923965  43.0204926
  16.0917435  10.4095564  43.4863434
  16.2799568  10.5289679  43.9569969
  16.4703712  10.6506777  44.4325027
  16.6630135  10.7747326  44.912899
  16.8579082  10.901186  45.3982239
  17.0550823  11.0300903  45.8885231
  17.2545624  11.1614981  46.383831
  17.4563751  11.2954597  46.8841782
  17.6605492  11.4320278  47.3896065
  17.8671112  11.5712566  47.9001503
  18.0760899  11.7131977  48.4158478
  18.2875118  11.8579063  48.9367332
  18.5014076  12.0054369  49.462841
  18.717804  12.1558456  49.9942093
  18.9367313  12.3091908  50.5308762
  19.1582203  12.4655285  51.0728722
  19.3822994  12.6249189  51.6202316
  19.6089993  12.7874241  52.1729965
  19.8383503  12.953104  52.7311974
  20.070385  13.1220245  53.2948723
  20.3051338  13.2942533  53.864048
  20.5426273  13.4698601  54.4387589
  20.7828979  13.6489086  55.0190277
  21.02598  13.8314676  55.6048813
  21.2719059  14.017602  56.1963501
  21.5207062  14.2073803  56.7934494
  21.7724171  14.4008675  57.3962173
  22.0270729  14.5981321  58.0046654
  22.284708  14.7992411  58.6188278
  22.5453548  15.0042601  59.2387199
  22.8090496  15.2132559  59.8643761
  23.0758305  15.4263  60.4958153
  23.3457317  15.6434631  61.1330681
  23.6187878  15.8648176  61.7761536
  23.8950386  16.0904388  62.425106
  24.1745205  16.3204021  63.0799408
  24.4572716  16.5547867  63.7406845
  24.74333  16.7936726  64.4073563
  25.0327339  17.0371418  65.0799866
  25.3255234  17.2852859  65.7585831
  25.6217365  17.5381927  66.4431686
  25.9214153  17.7959461  67.1337433
  26.2245979  18.0586357  67.8303146
  26.5313263  18.3263474  68.5328903
  26.8416443  18.5991631  69.241478
  27.1555901  18.8771706  69.9560776
  27.4732075  19.1604576  70.6766968
  27.7945423  19.44911  71.4033279
  28.1196327  19.7432156  72.1359787
  28.4485264  20.0428658  72.8746414
  28.7812672  20.3481483  73.6193161
  29.1179008  20.6591587  74.3699875
  29.4584713  20.9759903  75.1266556
  29.8030243  21.2987289  75.8892975
  30.1516075  21.6274643  76.6579056
  30.5042667  21.9622879  77.4324493
  30.8610535  22.3032894  78.2129059
  31.2220116  22.6505527  78.9992752
  31.5871906  23.0041695  79.7915115
  31.9566422  23.3642273  80.5895996
  32.3304138  23.7308102  81.3935013
  32.7085609  24.1040115  82.2032013
  33.0911255  24.4839115  83.0186615
  33.4781685  24.8706036  83.8398438
  33.8697357  25.2641735  84.6667175
  34.2658844  25.6647053  85.4992294
  34.6666679  26.0722866  86.3373489
  35.0721359  26.4870052  87.1810303
  35.4823494  26.9089413  88.0302277
  35.8973579  27.3381824  88.8848801
  36.3172226  27.7748127  89.7449493
  36.7419968  28.2189178  90.6103668
  37.1717415  28.6705799  91.4810867
  37.6065102  29.1298847  92.3570404
  38.0463676  29.5969238  93.2381744
  38.4913673  30.0717831  94.1244125
  38.9415703  30.5545597  95.0157013
  39.3970413  31.0453568  95.9119568
  39.8578377  31.5442905  96.8131104
  40.3240242  32.0515213  97.7190781
  40.7956619  32.5672379  98.6296768
  41.2728195  33.0915604  99.5446472
  41.7555542  33.6245499  100.463745
  42.2439384  34.1662292  101.386688
  42.7380333  34.7165871  102.313194
  43.2379074  35.2755661  103.242996
  43.7436295  35.8430634  104.175781
  44.2552643  36.4188995  105.111244
  44.7728844  37.0027695  106.04908
  45.2965584  37.5942535  106.989204
  45.8263588  38.1930504  107.931648
  46.3623543  38.7989197  108.87648
  46.9046211  39.4116592  109.823738
  47.453228  40.0310936  110.773491
  48.0082512  40.6570473  111.725807
  48.569767  41.28936  112.680748
  49.1378517  41.9278717  113.63839
  49.7125816  42.5724144  114.598801
  50.2940292  43.2228012  115.562073
  50.8822823  43.8787994  116.528351
  51.4774132  44.5402451  117.497864
  52.0795059  45.207016  118.470856
  52.6886406  45.8790283  119.447563
  53.3048973  46.5562134  120.428246
  53.9283676  47.2385521  121.41317
  54.559124  47.9260406  122.402603
  55.1972618  48.6187134  123.396835
  55.8428612  49.3166389  124.396156
  56.4960136  50.0199356  125.400864
  57.1568031  50.7288094  126.411263
  57.825325  51.4435806  127.427628
  58.5016632  52.1646004  128.449997
  59.1859131  52.8921051  129.478378
  59.8781662  53.626297  130.512756
  60.5785141  54.3673248  131.553131
  61.287056  55.1153488  132.599487
  62.0038834  55.8705177  133.651825
  62.7290955  56.632946  134.710129
  63.4627914  57.4027672  135.774414
  64.2050629  58.1800842  136.84465
  64.9560242  58.9650154  137.920822
  65.7157669  59.7576675  139.002945
  66.4843903  60.5581398  140.090973
  67.2620087  61.3665276  141.184921
  68.0487213  62.1829414  142.28476
  68.844635  63.0074654  143.390488
  69.6498566  63.8401909  144.50209
  70.4645004  64.681221  145.619522
  71.2886734  65.5306091  146.742813
  72.1224823  66.3884735  147.871902
  72.9660416  67.2549057  149.006805
  73.8194733  68.1299515  150.147476
  74.6828842  69.0137177  151.293915
  75.5563889  69.9062805  152.446075
  76.4401169  70.8077087  153.603958
  77.3341751  71.7180862  154.767548
  78.2386932  72.6374741  155.936783
  79.1537933  73.5659409  157.111664
  80.0795975  74.50354  158.292175
  81.0162277  75.4503326  159.478271
  81.9638138  76.4063263  160.669983
  82.9224777  77.3716202  161.86734
  83.8923645  78.3462601  163.070343
  84.8735886  79.3303223  164.279037
  85.8662872  80.3239441  165.493454
  86.8706055  81.3271408  166.713593
  87.8866653  82.3401031  167.939484
  88.9146042  83.3629074  169.171173
  89.9545746  84.3956757  170.408676
  91.0066986  85.4385376  171.652008
  92.0711365  86.4916458  172.901199
  93.1480255  87.5551605  174.156296
  94.2375031  88.6292496  175.417313
  95.3397293  89.714119  176.684296
  96.4548492  90.8099823  177.957245
  97.5830078  91.9170914  179.236206
  98.7243576  93.0357513  180.52121
  99.8790665  94.1663361  181.812302
  101.047272  95.3093872  183.109436
  102.229149  96.4654999  184.412277
  103.424843  97.6350555  185.720383
  104.634521  98.8183746  187.033264
  105.858353  100.015694  188.350449
  107.096497  101.227196  189.671448
  108.349129  102.453018  190.995743
  109.616402  103.693275  192.3228
  110.898506  104.948006  193.652115
  112.195602  106.217224  194.983093
  113.507866  107.5009  196.315216
  114.83548  108.798958  197.647873
  116.178627  110.111252  198.980499
  117.537476  111.437607  200.312454
  118.912224  112.777771  201.643158
  120.303047  114.131424  202.97197
  121.710144  115.498169  204.298218
  123.133698  116.877495  205.621277
  124.573898  118.268738  206.94046
  126.030945  119.670952  208.255127
  127.505028  121.082954  209.565125
  128.996353  122.503876  210.870621
  130.505127  123.932976  212.171768
  132.031555  125.369598  213.468719
  133.575821  126.813164  214.761642
  135.138153  128.263092  216.050735
  136.718765  129.718857  217.336166
  138.317856  131.179932  218.618149
  139.935654  132.645813  219.896896
  141.572388  134.116013  221.172592
  143.228241  135.590042  222.44548
  144.903473  137.067413  223.715775
  146.598297  138.547607  224.983734
  148.312958  140.030136  226.249573
  150.047653  141.514435  227.513565
  151.802658  142.999954  228.775955
  153.578171  144.486038  230.037018
  155.374451  145.971817  231.297104
  157.191757  147.45639  232.556946
  159.030304  148.939133  233.81749
  160.890366  150.419525  235.079681
  162.772171  151.897202  236.344498
  164.675995  153.371857  237.61293
  166.602097  154.843277  238.886002
  168.550705  156.31134  240.164734
  170.52211  157.775955  241.450226
  172.516586  159.237183  242.74353
  174.534378  160.695084  244.045746
  176.575775  162.149887  245.358032
  178.641052  163.601868  246.681519
  180.730469  165.051422  248.017395
  182.844345  166.499069  249.366867
  184.982941  167.94545  250.73114
  187.146545  169.391388  252.111465
  189.335449  170.837891  253.50914
  191.549957  172.286224  254.925461
  193.790375  173.737991  256.361755
  196.056992  175.195282  257.819397
  198.350128  176.661102  259.299774
  200.670074  178.140778  260.804199
  203.017166  179.642624  262.325745
  205.391693  181.161133  263.855194
  207.794006  182.693192  265.393799
  210.224426  184.237579  266.941345
  212.683258  185.793579  268.497894
  215.170853  187.360703  270.063538
  217.687531  188.938614  271.638336
  220.233658  190.527054  273.22229
  222.80957  192.12587  274.81546
  225.415604  193.734909  276.417938
  228.052124  195.354126  278.029785
  230.719467  196.983444  279.651001
  233.418015  198.622787  281.281677
  236.148132  200.272171  282.921875
  238.910187  201.931534  284.571594
  241.704529  203.600937  286.230988
  244.53157  205.28035  287.900024
  247.391663  206.969818  289.578827
  250.285217  208.669357  291.267395
  253.212616  210.378967  292.96579
  256.174255  212.098709  294.674103
  259.170532  213.828598  296.392395
  262.201843  215.56868  298.120697
  265.268616  217.319016  299.85907
  268.371277  219.079666  301.607605
  271.510193  220.850647  303.366302
  274.685852  222.632004  305.135254
  277.898651  224.423798  306.91452
  281.149017  226.226105  308.704193
  284.437408  228.038971  310.504303
  287.764252  229.862473  312.31488
  291.130005  231.696625  314.136017
  294.535126  233.541519  315.967773
  297.980072  235.397186  317.810211
  301.465332  237.263718  319.663422
  304.991333  239.14122  321.527435
  308.558594  241.029663  323.402252
  312.167572  242.929169  325.288055
  315.818756  244.839798  327.184875
  319.512634  246.761627  329.092712
  323.249756  248.694717  331.011719
  327.030548  250.639099  332.941864
  330.855591  252.594925  334.883301
  334.725342  254.56218  336.83606
  338.640381  256.540985  338.800171
  342.601196  258.531403  340.775757
  346.608337  260.533508  342.762878
  350.662354  262.547363  344.761536
  354.763794  264.573059  346.771881
  358.913177  266.610626  348.793945
  363.111115  268.660187  350.82782
  367.358154  270.721832  352.873535
  371.654877  272.795593  354.931183
  376.001831  274.881531  357.000824
  380.399628  276.979797  359.08255
  384.848877  279.090393  361.176392
  389.350159  281.21347  363.282471
  393.904083  283.34906  365.400818
  398.511292  285.497253  367.531494
  403.172363  287.658112  369.674622
  407.88797  289.831757  371.830231
  412.658722  292.01825  373.998444
  417.485291  294.217682  376.17926
  422.368286  296.430115  378.372803
  427.308411  298.65567  380.579132
  432.306335  300.894348  382.79834
  437.362671  303.146332  385.030487
  442.47818  305.411682  387.275665
  447.653503  307.69046  389.533905
  452.889374  309.982788  391.805328
  458.186462  312.288727  394.089966
  463.545532  314.608337  396.38797
  468.967285  316.941772  398.699341
  474.452423  319.289093  401.0242
  480.00174  321.65036  403.36261
  485.615967  324.025726  405.714691
  491.295837  326.415222  408.080444
  497.042145  328.81897  410.460022
  502.855682  331.237091  412.853455
  508.737183  333.669617  415.260864
  514.6875  336.11673  417.682281
  520.707397  338.5784  420.117828
  526.797729  341.05484  422.567596
  532.95929  343.546112  425.031647
  539.192932  346.052277  427.51004
  545.499451  348.573486  430.00293
  551.8797  351.109802  432.510315
  558.334656  353.661346  435.032349
  564.865051  356.22821  437.569061
  571.471863  358.810516  440.120575
  578.155945  361.408325  442.686981
  584.918152  364.021759  445.268341
  591.759521  366.65097  447.864746
  598.680908  369.29599  450.476288
  605.683228  371.95697  453.103088
  612.767395  374.634003  455.745209
  619.934509  377.32724  458.402679
  627.185364  380.036682  461.075684
  634.521118  382.762573  463.764282
  641.942627  385.504913  466.468536
  649.450928  388.263885  469.188599
  657.047058  391.039612  471.924469
  664.732056  393.832092  474.676331
  672.506897  396.641602  477.444214
  680.372681  399.46814  480.228241
  688.330505  402.31189  483.028534
  696.381409  405.172943  485.845093
  704.526428  408.051392  488.678101
  712.766724  410.947418  491.527649
  721.103455  413.861084  494.393829
  729.537659  416.792542  497.276703
  738.070496  419.741943  500.176361
  746.703125  422.709351  503.092957
  755.436768  425.694946  506.02655
  764.272522  428.698853  508.977264
  773.211609  431.72113  511.94516
  782.25531  434.761993  514.93042
  791.404724  437.821564  517.932983
  800.661194  440.899902  520.953125
  810.02594  443.997223  523.990906
  819.500183  447.113647  527.046326
  829.085266  450.249268  530.119629
  838.782471  453.404266  533.210754
  848.593018  456.578735  536.320007
  858.518372  459.772888  539.447327
  868.559814  462.986816  542.592896
  878.718689  466.220673  545.756836
  888.996399  469.474579  548.939209
  899.394348  472.748749  552.140198
  909.913879  476.043304  555.359741
  920.556458  479.358307  558.598083
  931.323486  482.694061  561.855408
  942.216492  486.050598  565.131653
  953.236877  489.428131  568.426941
  964.386169  492.826782  571.741516
  975.665833  496.246765  575.075439
  987.077454  499.688171  578.428772
  998.622559  503.151245  581.801636
  1010.30267  506.636078  585.194214
  1022.11945  510.142853  588.606567
  1034.07434  513.671753  592.038757
  1046.16919  517.222961  595.491028
  1058.4054  520.79657  598.963379
  1070.78479  524.392822  602.455994
  1083.30896  528.011902  605.968994
  1095.97961  531.653992  609.502502
  1108.79846  535.319214  613.05658
  1121.76721  539.007812  616.631348
  1134.8877  542.71991  620.22699
  1148.1615  546.45575  623.843628
  1161.5907  550.215454  627.481323
  1175.177  553.999268  631.140259
  1188.92212  557.807373  634.820496
  1202.828  561.639954  638.522278
  1216.89661  565.497314  642.245544
  1231.12976  569.379395  645.99054
  1245.5293  573.286621  649.757385
  1260.09729  577.219177  653.546204
  1274.83569  581.177246  657.357117
  1289.74646  585.16095  661.190186
  1304.83167  589.170593  665.045715
  1320.09326  593.206421  668.923706
  1335.53345  597.268616  672.824219
  1351.15417  601.357361  676.74762
  1366.95764  605.472961  680.693787
  1382.9458  609.615479  684.662903
  1399.12109  613.785339  688.655334
  1415.4856  617.982666  692.670959
  1432.04138  622.207764  696.710022
  1448.79089  626.460876  700.772583
  1465.73633  630.742126  704.858887
  1482.87988  635.05188  708.969055
  1500.224  639.390381  713.103088
  1517.771  643.757812  717.261292
  1535.52332  648.154541  721.443726
  1553.48315  652.580688  725.650513
  1571.65308  657.036621  729.881897
  1590.0354  661.522644  734.137939
  1608.63293  666.038879  738.418762
  1627.44788  670.585754  742.724609
  1646.48291  675.163513  747.055542
  1665.74048  679.7724  751.411621
  1685.22339  684.41272  755.793213
  1704.9342  689.084778  760.200378
  1724.87549  693.788879  764.633179
  1745.05005  698.525269  769.091858
  1765.46057  703.294373  773.576538
  1786.10986  708.096436  778.087341
  1807.00061  712.931824  782.624451
  1828.13574  717.80072  787.187988
  1849.51807  722.703552  791.778198
  1871.15039  727.640686  796.395203
  1893.03589  732.612427  801.039001
  1915.17725  737.619141  805.710022
  1937.57764  742.661133  810.408142
  1960.23999  747.73877  815.133728
  1983.16748  752.852417  819.886902
  2006.36304  758.002502  824.667725
  2029.82996  763.189331  829.476501
  2053.57129  768.413269  834.313232
  2077.59033  773.674744  839.178284
  2101.89038  778.974243  844.071594
  2126.47461  784.311951  848.993469
  2151.34644  789.688477  853.944031
  2176.50903  795.104126  858.923523
  2201.96606  800.559387  863.932007
  2227.7207  806.054626  868.969666
  2253.77661  811.590271  874.036743
  2280.13745  817.166809  879.133362
  2306.8064  822.784729  884.259705
  2333.78735  828.444519  889.415955
  2361.08398  834.146545  894.602173
  2388.69971  839.891296  899.818726
  2416.63867  845.679321  905.065674
  2444.90405  851.511108  910.343201
  2473.50024  857.387085  915.65155
  2502.43091  863.307922  920.990784
  2531.69995  869.273987  926.361267
  2561.31128  875.286011  931.763
  2591.26904  881.344299  937.196228
  2621.57715  887.449707  942.661072
  2652.23975  893.602478  948.157837
  2683.26099  899.803406  953.686707
  2714.64502  906.053101  959.247742
  2746.39624  912.352051  964.841248
  2778.5188  918.700928  970.467285
  2811.01685  925.100342  976.126221
  2843.89526  931.551086  981.818176
  2877.1582  938.053589  987.543213
  2910.81006  944.608704  993.301758
  2944.85571  951.21698  999.09375
  2979.29932  957.879272  1004.91968
  3014.146  964.596191  1010.77942
  3049.40015  971.368469  1016.67346
  3085.06665  978.19696  1022.60175
  3121.15039  985.082336  1028.5647
  3157.65601  992.02533  1034.56226
  3194.58887  999.026978  1040.59497
  3231.95337  1006.08777  1046.66284
  3269.75513  1013.20892  1052.76611
  3307.99902  1020.39105  1058.90479
  3346.69019  1027.63501  1065.07959
  3385.83374  1034.94189  1071.29004
  3425.4353  1042.3125  1077.53687
  3465.5  1049.7478  1083.82019
  3506.03345  1057.24878  1090.14001
  3547.04077  1064.81628  1096.4967
  3588.52783  1072.45154  1102.8905
  3630.5  1080.15552  1109.32153
  3672.96338  1087.92932  1115.79016
  3715.9231  1095.77405  1122.29651
  3759.3855  1103.6908  1128.8407
  3803.3562  1111.68066  1135.42322
  3847.84106  1119.745  1142.04395
  3892.84644  1127.88489  1148.70337
  3938.37817  1136.10168  1155.40161
  3984.44238  1144.39661  1162.13892
  4031.04541  1152.77112  1168.91541
  4078.19336  1161.22632  1175.73145
  4125.89307  1169.76379  1182.58728
  4174.15039  1178.38501  1189.48315
  4222.97217  1187.09143  1196.41919
  4272.36523  1195.88452  1203.39563
  4322.33594  1204.76599  1210.41284
  4372.89062  1213.7373  1217.47083
  4424.03711  1222.80029  1224.57007
  4475.78174  1231.95654  1231.71069
  4528.13135  1241.20776  1238.89282
  4581.09375  1250.55603  1246.11707
  4634.67529  1260.00317  1253.3833
  4688.8833  1269.55103  1260.69202
  4743.72607  1279.20166  1268.04309
  4799.20947  1288.9574  1275.43726
  4855.34229  1298.81995  1282.87439
  4912.13135  1308.79187  1290.3551
  4969.58496  1318.87549  1297.87939
  5027.71045  1329.07312  1305.44739
  5086.51562  1339.38708  1313.05969
  5146.00879  1349.82031  1320.71631
  5206.19775  1360.37524  1328.41748
  5267.09082  1371.05469  1336.1637
  5328.6958  1381.86157  1343.95496
  5391.02148  1392.79895  1351.79175
  5454.07617  1403.86975  1359.67419
  5517.86865  1415.07727  1367.60266
  5582.40674  1426.42493  1375.57727
  5647.7002  1437.91638  1383.59851
  5713.75684  1449.55505  1391.66626
  5780.58643  1461.34485  1399.78137
  5848.19727  1473.28992  1407.9436
  5916.59961  1485.39429  1416.15356
  5985.80127  1497.66235  1424.41125
  6055.8125  1510.09863  1432.71716
  6126.64307  1522.70813  1441.07153
  6198.30176  1535.49585  1449.47461
  6270.79834  1548.46704  1457.92664
  6344.14307  1561.62732  1466.42798
  6418.3457  1574.98242  1474.97888
  6493.4165  1588.5387  1483.57959
  6569.36475  1602.30261  1492.23059
  6646.20166  1616.28125  1500.93201
  6723.9375  1630.48193  1509.6842
  6802.58203  1644.91235  1518.4873
  6882.14697  1659.58069  1527.34167
  6962.64209  1674.49585  1536.2478
  7044.07861  1689.66736  1545.20593
  7126.46777  1705.1051  1554.21619
  7209.8208  1720.81995  1563.27905
  7294.14844  1736.82336  1572.39465
  7379.46289  1753.12781  1581.56348
  7465.7749  1769.7467  1590.78577
  7553.09619  1786.6947  1600.06177
  7641.43896  1803.98743  1609.39197
  7730.81494  1821.64209  1618.77661
  7821.23682  1839.67749  1628.21582
  7912.71582  1858.11426  1637.71008
  8005.26465  1876.9751  1647.25977
  8098.896  1896.28516  1656.86511
  8193.62305  1916.07275  1666.52661
  8289.45703  1936.36914  1676.24426
  8386.41309  1957.20972  1686.01868
  8484.50195  1978.63501  1695.8501
  8583.73926  2000.69116  1705.73877
  8684.13672  2023.43152  1715.68506
  8785.70801  2046.9187  1725.68945
  8888.46777  2071.22729  1735.7522
  8992.42969  2096.44653  1745.87354
  9097.60742  2122.68604  1756.05408
  9204.01562  2150.08423  1766.29358
  9311.66797  2178.8186  1776.59326
  9420.5791  2209.12964  1786.95264
  9530.76465  2241.35571  1797.37268
  9642.23828  2276.01538  1807.85327
  9755.0166  2314.02051  1818.39514
  9869.11328  2357.8833  1828.99829
  9984.54492  2246.15503  1839.66357
