224 10 28
 166.78470    4.76175   -3.44953   -3.39997   -7.52972   -7.76087   -4.64060   -8.93905   -5.44933 2128.00029 1867.00092 1600.00129 1345.00006 1116.00029  879.00009  669.00177  509.99999  393.00052  315.00019  252.00081  222.00058  218.99935  216.00036  209.99888    0.01100    0.00009  -35.24681  498.29494 
 166.78398    4.76376   -3.44903   -3.39905   -7.52449   -7.76080   -4.63539   -8.94315   -5.44906 2127.99874 1866.99957 1600.00019 1344.99789 1115.99713  878.99957  668.99583  509.99537  393.00272  315.00407  252.00346  222.00074  218.99971  215.99633  209.99827    0.01302   -0.00112  -35.24465  498.67474 
 166.78638    4.72969   -3.42945   -3.41244   -7.49508   -7.74961   -4.63461   -8.95932   -5.45871 2127.99680 1866.99372 1599.97187 1344.98948 1115.97732  879.01301  669.03232  509.98463  393.02097  314.97895  251.99564  221.98361  218.98967  216.01587  209.99630    0.02498    0.00807  -35.25320  485.85932 
 166.77585    4.76446   -3.45631   -3.39796   -7.51457   -7.75356   -4.65096   -8.93773   -5.45462 2128.00813 1866.99924 1600.00441 1345.00043 1115.99832  878.99505  668.99994  509.99802  393.00692  314.99516  251.99476  221.99132  218.99249  216.00310  209.99659    0.01862    0.00389  -35.24018  500.28842 
 166.78852    4.75819   -3.45633   -3.39907   -7.53567   -7.76066   -4.64816   -8.92858   -5.45631 2128.00232 1867.00351 1600.00259 1344.99624 1116.00913  878.98758  668.98742  509.99750  392.99537  314.99754  251.99193  222.00099  218.99715  215.99996  210.00358    0.01625    0.00450  -35.24777  498.21763 
 166.78416    4.75855   -3.45036   -3.40125   -7.53005   -7.75979   -4.64007   -8.94261   -5.45121 2128.00106 1866.99979 1600.00073 1345.00025 1116.00009  879.00090  669.00003  510.00089  393.00034  315.00010  251.99861  221.99884  218.99858  215.99984  209.99977    0.01028   -0.00036  -35.24625  497.50755 
 166.78125    4.76126   -3.44599   -3.39810   -7.51924   -7.75881   -4.64184   -8.94740   -5.45583 2127.99787 1866.99561 1599.99291 1344.99501 1115.99269  879.00373  668.99761  509.99395  393.00289  315.00464  252.00250  222.00051  218.99286  215.99977  210.00673    0.01371   -0.00441  -35.24372  497.26373 
 166.79906    4.75872   -3.45638   -3.40040   -7.52813   -7.78389   -4.64289   -8.94569   -5.45543 2128.01138 1867.00209 1600.00201 1345.00288 1116.00145  878.97607  669.00722  510.00768  392.98976  315.00772  252.00294  222.00124  219.00696  216.01568  210.00173    0.01391   -0.00079  -35.24503  498.51997 
 166.78333    4.76028   -3.44879   -3.39989   -7.52960   -7.76081   -4.64001   -8.93992   -5.45068 2127.99989 1866.99978 1600.00007 1345.00069 1116.00038  879.00135  669.00015  510.00026  392.99997  314.99959  252.00094  222.00096  218.99985  215.99946  210.00109    0.01032    0.00044  -35.24666  497.63800 
 166.78469    4.76029   -3.45065   -3.40064   -7.53018   -7.75943   -4.63957   -8.93930   -5.45164 2127.99932 1866.99994 1599.99872 1345.00000 1116.00059  878.99995  668.99659  510.00187  392.99939  315.00057  252.00169  222.00049  219.00151  216.00054  210.00244    0.01134    0.00027  -35.24758  498.06175 
 166.77758    4.76320   -3.44935   -3.40650   -7.53395   -7.75930   -4.64219   -8.93116   -5.44625 2127.99448 1867.00431 1599.99360 1344.99587 1115.99581  878.99218  669.00255  510.00243  392.98856  315.00400  252.00335  221.99917  219.00261  215.99897  209.99838    0.01474   -0.00529  -35.25618  499.76465 
 166.80139    4.75430   -3.45702   -3.40206   -7.52277   -7.74878   -4.63752   -8.92452   -5.46438 2128.01120 1867.00015 1599.99839 1344.99564 1116.01955  879.02542  668.98768  510.00496  393.00668  315.00367  252.01717  221.99681  218.99482  215.98305  210.00040    0.02725   -0.01957  -35.23732  497.24930 
 166.80781    4.77749   -3.44251   -3.40349   -7.52223   -7.73667   -4.64427   -8.95632   -5.46359 2127.98133 1867.00854 1599.99888 1344.96626 1115.98592  878.99161  669.00770  510.01411  392.98428  314.99499  251.98714  221.99385  219.01973  216.00055  209.97469    0.01930    0.00194  -35.25563  503.22966 
 166.78498    4.76061   -3.45009   -3.40003   -7.52936   -7.76108   -4.63889   -8.94136   -5.45014 2128.00026 1866.99947 1600.00012 1345.00039 1116.00030  879.00139  668.99942  510.00138  392.99798  314.99956  252.00114  222.00078  218.99897  216.00077  209.99984    0.01110    0.00001  -35.24781  497.97515 
 166.78464    4.76148   -3.44867   -3.39914   -7.52961   -7.75962   -4.63933   -8.94014   -5.45039 2128.00010 1866.99897 1600.00143 1345.00007 1116.00045  879.00118  668.99948  509.99987  393.00054  314.99978  252.00009  222.00030  218.99966  216.00073  210.00126    0.01247    0.00184  -35.24837  497.91330 
 166.78454    4.75939   -3.44877   -3.39940   -7.52930   -7.76062   -4.64051   -8.94220   -5.45014 2127.99941 1867.00073 1600.00070 1345.00082 1116.00022  879.00151  669.00029  509.99984  392.99991  315.00043  252.00065  222.00129  218.99918  216.00100  210.00136    0.01047    0.00048  -35.24721  497.26384 
 166.78163    4.77560   -3.44968   -3.39803   -7.53425   -7.76463   -4.64881   -8.93969   -5.45215 2127.99651 1867.01072 1600.00626 1345.00704 1115.98817  879.00643  669.00625  510.00166  392.99919  315.00044  252.00550  222.01093  218.99532  215.99555  210.00369    0.02267    0.00041  -35.25097  503.06814 
 166.78654    4.76150   -3.44895   -3.40002   -7.52697   -7.76073   -4.64084   -8.94032   -5.44882 2127.99896 1867.00111 1600.00038 1344.99927 1115.99943  879.00170  669.00141  510.00135  393.00075  315.00027  252.00086  222.00062  219.00026  215.99885  210.00131    0.01186    0.00073  -35.24772  498.12356 
 166.78467    4.76041   -3.44841   -3.39950   -7.52955   -7.76101   -4.64132   -8.94282   -5.44881 2127.99916 1867.00031 1599.99949 1345.00079 1115.99784  878.99996  668.99957  509.99965  393.00010  315.00016  252.00056  221.99941  219.00063  215.99960  209.99906    0.01147    0.00053  -35.24752  497.58401 
 166.78512    4.76028   -3.45020   -3.39983   -7.53067   -7.75980   -4.63998   -8.93962   -5.45045 2128.00035 1867.00025 1600.00005 1345.00001 1116.00031  879.00040  668.99937  509.99979  392.99954  314.99994  252.00090  222.00039  219.00004  215.99968  209.99986    0.01058   -0.00014  -35.24691  497.87005 
 166.78777    4.76617   -3.45172   -3.39914   -7.52593   -7.75975   -4.64028   -8.94433   -5.44157 2127.99374 1867.00345 1600.00512 1344.99819 1116.00241  879.00125  669.00194  509.99903  393.00060  315.00582  251.99870  221.99959  219.00216  216.00154  209.99698    0.01469   -0.00174  -35.24736  500.08586 
 166.78614    4.76104   -3.44975   -3.39974   -7.53024   -7.76002   -4.63970   -8.93986   -5.45028 2128.00018 1867.00010 1599.99938 1344.99870 1115.99897  879.00052  668.99916  510.00083  392.99941  315.00051  251.99961  222.00034  218.99981  216.00013  210.00127    0.00949   -0.00093  -35.24730  498.03800 
 166.78462    4.76000   -3.44828   -3.40046   -7.52877   -7.76055   -4.63946   -8.94205   -5.45025 2128.00106 1866.99952 1600.00010 1345.00081 1116.00050  879.00215  669.00024  510.00087  392.99986  314.99970  251.99949  222.00004  218.99922  216.00128  210.00005    0.01058    0.00111  -35.24771  497.52870 
 166.77095    4.78450   -3.44076   -3.38614   -7.53219   -7.77417   -4.65280   -8.95406   -5.46070 2127.99979 1866.98549 1600.01606 1344.99946 1116.00211  879.01183  668.99682  509.99389  392.98561  314.98614  252.00345  221.99090  219.01146  216.01226  209.97983    0.01494    0.00866  -35.25186  502.93101 
 166.78363    4.75983   -3.44810   -3.39939   -7.52697   -7.75944   -4.63966   -8.94184   -5.45223 2128.00038 1866.99867 1599.99987 1345.00040 1115.99890  879.00255  668.99976  509.99987  393.00037  315.00000  251.99861  222.00065  218.99867  216.00139  210.00095    0.01167    0.00007  -35.24655  497.28453 
 166.78632    4.76103   -3.45096   -3.40023   -7.52953   -7.76011   -4.64016   -8.94035   -5.44972 2128.00101 1867.00015 1599.99916 1344.99983 1116.00157  879.00162  668.99937  509.99995  392.99919  315.00021  251.99969  221.99955  219.00002  215.99935  209.99949    0.01107    0.00090  -35.24631  498.32058 
 166.78209    4.75938   -3.45729   -3.39653   -7.53369   -7.76050   -4.64200   -8.94331   -5.45125 2127.99758 1867.00195 1599.99887 1344.99809 1115.99973  878.99766  668.99566  510.00776  392.99520  314.99442  252.01373  222.01188  218.99816  215.99656  210.00479    0.01433    0.00557  -35.24831  498.31684 
 166.78540    4.76132   -3.44980   -3.39961   -7.53065   -7.76016   -4.63969   -8.93865   -5.44895 2128.00060 1866.99994 1599.99953 1345.00002 1115.99941  878.99954  669.00133  510.00001  393.00092  314.99950  252.00118  222.00040  218.99926  216.00051  210.00064    0.00960   -0.00085  -35.24621  498.12282 
 166.78614    4.76171   -3.45129   -3.39815   -7.53042   -7.76054   -4.63819   -8.94103   -5.44914 2128.00172 1866.99956 1599.99946 1344.99917 1115.99979  879.00199  668.99885  510.00118  392.99954  315.00032  251.99860  222.00161  219.00059  216.00141  210.00206    0.00997    0.00028  -35.24905  498.27095 
 166.78565    4.75977   -3.44975   -3.39946   -7.52849   -7.76197   -4.64055   -8.93975   -5.44930 2127.99914 1867.00116 1599.99976 1345.00030 1115.99814  879.00191  669.00038  510.00052  393.00092  315.00205  251.99971  222.00006  219.00081  215.99908  210.00194    0.01210   -0.00024  -35.24745  497.57268 
 166.78234    4.76255   -3.44996   -3.40025   -7.52800   -7.75897   -4.64077   -8.94202   -5.45276 2127.99927 1866.99959 1599.99659 1344.99614 1115.99709  879.00080  668.99760  509.99885  392.99974  315.00291  252.00077  221.99989  218.99810  216.00017  209.99936    0.01200   -0.00018  -35.24625  498.69361 
 166.78613    4.75540   -3.44250   -3.40338   -7.53304   -7.76958   -4.63828   -8.93455   -5.43959 2127.99537 1866.99932 1600.00539 1345.01159 1116.00079  878.99725  668.99876  510.00130  393.00283  314.98923  251.99622  222.00420  218.99872  216.00376  209.99863    0.01315    0.00215  -35.24251  495.36586 
 166.78343    4.75992   -3.44987   -3.40021   -7.53037   -7.75838   -4.63986   -8.93978   -5.44897 2128.00117 1866.99981 1599.99976 1344.99840 1116.00208  878.99975  668.99955  510.00034  393.00034  315.00039  251.99989  222.00161  218.99889  216.00087  210.00102    0.01082    0.00010  -35.24738  497.73954 
 166.78408    4.75643   -3.45244   -3.40013   -7.53043   -7.75837   -4.63898   -8.94595   -5.45139 2127.99578 1866.99969 1599.99981 1345.00285 1115.99742  878.99680  669.00008  509.99934  393.00449  315.00202  251.99678  222.00021  219.00091  215.99783  210.00232    0.01216   -0.00078  -35.24894  496.94481 
 166.78576    4.75820   -3.45664   -3.39598   -7.53463   -7.75821   -4.64179   -8.95536   -5.45629 2127.99785 1866.99316 1599.98452 1344.99018 1115.99675  879.00449  669.00964  509.99757  393.00347  314.99159  251.98970  222.00929  219.01668  215.99873  209.98555    0.02687    0.00165  -35.24543  497.70245 
 166.78537    4.76006   -3.45063   -3.39997   -7.52957   -7.76003   -4.64108   -8.94103   -5.44978 2128.00010 1866.99836 1599.99896 1344.99996 1116.00080  878.99845  668.99979  510.00036  393.00064  314.99953  251.99970  222.00109  218.99850  215.99970  209.99990    0.01070    0.00092  -35.24691  497.90575 
 166.79143    4.77042   -3.44782   -3.39643   -7.52566   -7.76044   -4.64952   -8.95703   -5.43730 2127.98987 1866.99544 1600.00122 1345.00439 1115.98924  878.99449  668.99363  510.00545  392.99948  315.00912  252.00406  221.99599  219.00436  216.01218  209.99522    0.01915   -0.00720  -35.25084  500.67519 
 166.78118    4.76353   -3.42841   -3.38331   -7.52061   -7.73995   -4.62389   -8.94513   -5.43292 2128.02018 1867.00296 1600.00662 1345.01717 1116.01998  878.97083  668.97955  509.98934  392.99819  314.99774  251.99962  222.02254  218.98729  215.99650  209.99946    0.01919    0.01394  -35.26696  492.63964 
 166.78645    4.75913   -3.43814   -3.39419   -7.53454   -7.76573   -4.64014   -8.93586   -5.44604 2128.00030 1867.00302 1599.99918 1345.00080 1116.00567  879.00030  669.00286  510.00451  393.00158  315.00024  251.99118  221.99223  218.99205  216.00348  210.00110    0.01394   -0.00509  -35.23798  494.62045 
 166.78020    4.76166   -3.45769   -3.39560   -7.53266   -7.75976   -4.64724   -8.95207   -5.45924 2127.98949 1867.00771 1599.97379 1344.99199 1116.00732  878.99075  668.99284  509.99487  392.99022  315.01009  251.99103  222.00149  219.00003  215.99785  209.97967    0.02141    0.01165  -35.25784  499.11615 
 166.79627    4.76150   -3.44474   -3.38962   -7.53787   -7.75606   -4.63946   -8.92768   -5.44483 2127.99903 1866.99879 1599.99545 1344.99094 1116.00040  879.00427  668.99442  510.00556  392.99182  315.01812  251.99699  221.99331  218.98821  216.00047  210.00792    0.01445    0.00249  -35.25640  495.86392 
 166.78534    4.76074   -3.45034   -3.40079   -7.52928   -7.75996   -4.64009   -8.94068   -5.45002 2127.99993 1867.00015 1600.00007 1345.00035 1116.00064  878.99944  669.00202  509.99917  392.99958  315.00083  251.99990  221.99975  219.00009  216.00000  210.00015    0.01020    0.00007  -35.24611  498.19412 
 166.78352    4.76105   -3.44300   -3.40014   -7.52380   -7.76063   -4.63572   -8.94369   -5.45206 2128.00217 1866.99661 1600.00213 1345.00251 1116.00085  879.00929  669.00001  510.00282  392.99998  314.99846  252.00077  222.00387  218.99703  216.00578  210.00007    0.01598    0.00028  -35.24926  496.88034 
 166.78317    4.76122   -3.45069   -3.40097   -7.52915   -7.76026   -4.64326   -8.94107   -5.44989 2128.00026 1867.00034 1600.00102 1345.00235 1115.99984  878.99900  668.99983  510.00063  393.00086  314.99804  252.00027  221.99909  218.99896  216.00105  209.99984    0.01179    0.00109  -35.24563  498.50457 
 166.77976    4.76082   -3.45309   -3.40355   -7.53254   -7.75933   -4.64116   -8.93791   -5.45275 2127.99849 1867.00142 1600.00569 1344.99891 1116.00003  878.99687  668.99798  510.00052  393.00093  315.00241  252.00130  221.99959  218.99752  216.00246  210.00129    0.01032   -0.00059  -35.24744  499.12219 
 166.78431    4.75363   -3.44360   -3.40039   -7.52945   -7.75876   -4.64288   -8.94390   -5.44760 2128.00217 1866.99955 1599.99828 1344.99927 1116.00295  878.99986  668.99546  509.99842  392.99728  315.00061  251.99708  222.00555  219.00462  216.00178  209.99411    0.01577   -0.00511  -35.25257  494.59962 
 166.78497    4.76119   -3.44980   -3.39966   -7.53106   -7.76037   -4.63958   -8.93986   -5.45015 2127.99940 1866.99995 1599.99957 1344.99907 1116.00075  878.99942  668.99909  510.00071  392.99963  314.99955  252.00181  221.99990  218.99875  215.99900  209.99874    0.01092   -0.00021  -35.24817  498.08484 
 166.78208    4.76498   -3.45162   -3.40562   -7.53276   -7.75872   -4.63628   -8.93906   -5.43997 2128.00320 1867.00303 1600.00213 1344.99475 1116.00653  879.00219  668.99788  510.00301  393.00110  315.01135  251.99908  222.00366  219.00333  216.00000  209.98983    0.01345    0.00444  -35.24832  500.54712 
 166.78062    4.76040   -3.44926   -3.39838   -7.52832   -7.76044   -4.64128   -8.93619   -5.44901 2128.00285 1866.99820 1599.99974 1345.00093 1115.99987  878.99733  669.00119  509.99852  393.00496  315.00133  251.99979  221.99825  218.99743  216.00018  209.99932    0.01392    0.00193  -35.24593  497.55663 
 166.78561    4.75823   -3.45069   -3.39884   -7.53139   -7.75925   -4.63997   -8.93681   -5.44790 2128.00045 1867.00134 1599.99976 1344.99988 1116.00233  879.00051  668.99604  509.99968  392.99988  315.00167  252.00030  221.99948  218.99870  215.99840  210.00328    0.01174   -0.00033  -35.24541  497.09806 
 166.78469    4.76037   -3.44958   -3.40033   -7.53049   -7.76001   -4.64071   -8.93946   -5.44959 2127.99971 1867.00018 1599.99993 1344.99955 1116.00018  878.99940  669.00038  510.00024  393.00009  315.00073  251.99969  221.99973  218.99996  216.00005  210.00053    0.01098    0.00045  -35.24665  497.88049 
 166.78227    4.75738   -3.44424   -3.39703   -7.53447   -7.75494   -4.64946   -8.92968   -5.45051 2128.00246 1866.99984 1600.00169 1344.99700 1115.99402  879.00127  669.00467  509.99366  392.99845  315.01246  252.00722  221.99720  219.00735  215.99696  210.00802    0.01701   -0.00306  -35.25339  495.61231 
 166.78475    4.76009   -3.45051   -3.39991   -7.53028   -7.75948   -4.64004   -8.94051   -5.45015 2127.99990 1867.00030 1600.00103 1344.99985 1116.00073  879.00051  668.99961  509.99952  393.00042  315.00002  252.00084  221.99978  219.00014  215.99944  209.99971    0.01015   -0.00042  -35.24677  497.87008 
 166.78591    4.76121   -3.44927   -3.39917   -7.52984   -7.75952   -4.63992   -8.94075   -5.45001 2127.99988 1866.99911 1599.99974 1345.00041 1115.99912  879.00022  668.99980  510.00109  393.00007  315.00073  252.00064  222.00134  219.00040  216.00074  209.99855    0.01156   -0.00061  -35.24772  497.93659 
 166.78726    4.76094   -3.45179   -3.40075   -7.52869   -7.76348   -4.64224   -8.93760   -5.45389 2128.00031 1867.00038 1600.00108 1345.00160 1116.00106  879.00181  669.00240  509.99984  393.00028  314.99912  252.00093  221.99842  219.00225  216.00182  210.00056    0.00996    0.00144  -35.24631  498.54630 
 166.78606    4.76103   -3.45435   -3.40319   -7.52824   -7.75986   -4.64206   -8.94142   -5.45278 2127.99846 1867.00051 1600.00371 1345.00049 1115.99759  879.00030  669.00031  510.00017  392.99953  314.99748  252.00125  222.00066  219.00226  215.99772  210.00110    0.00994    0.00219  -35.25143  499.37372 
 166.78548    4.76058   -3.44940   -3.39935   -7.52957   -7.75970   -4.63996   -8.94079   -5.45084 2128.00001 1867.00159 1599.99845 1344.99954 1116.00032  878.99926  669.00078  509.99948  392.99954  315.00028  252.00074  222.00020  218.99855  216.00080  210.00138    0.01056   -0.00092  -35.24711  497.76500 
 166.80538    4.77544   -3.40536   -3.42093   -7.56417   -7.72862   -4.62595   -8.92936   -5.45907 2127.99831 1867.01206 1599.98508 1345.00691 1116.01675  878.98054  668.96727  510.03077  392.98772  314.96046  251.98059  222.04502  218.97982  215.97525  210.02279    0.04471   -0.01240  -35.24205  497.96334 
 166.78590    4.76278   -3.45072   -3.39987   -7.52743   -7.76290   -4.63944   -8.93976   -5.45112 2127.99799 1867.00261 1600.00384 1345.00113 1115.99945  878.99992  668.99805  510.00010  392.99980  315.00108  252.00093  222.00203  218.99912  215.99971  209.99883    0.01190    0.00224  -35.24582  498.82520 
 166.78616    4.76323   -3.44777   -3.40143   -7.53017   -7.75786   -4.63890   -8.93978   -5.44944 2127.99818 1866.99989 1600.00028 1344.99758 1115.99778  878.99713  668.99912  510.00146  393.00166  315.00051  252.00001  222.00079  219.00022  216.00086  210.00143    0.01229    0.00079  -35.24877  498.69641 
 166.78742    4.76048   -3.45114   -3.39854   -7.52946   -7.75171   -4.63404   -8.94037   -5.44063 2128.00148 1866.99967 1600.00134 1344.99487 1116.00201  879.00307  669.00012  509.99891  393.00204  315.00388  252.00099  221.99462  218.99183  215.99490  209.99456    0.01560   -0.00696  -35.26020  497.80004 
 166.78804    4.76494   -3.44647   -3.40120   -7.53159   -7.75912   -4.63613   -8.93736   -5.44934 2127.99927 1866.99862 1599.99930 1344.99714 1116.00360  878.99877  668.99545  510.00028  392.99799  314.99875  252.00121  221.99997  218.99840  215.99987  209.99920    0.01325   -0.00093  -35.24772  498.98384 
 166.78443    4.75991   -3.45253   -3.40140   -7.52981   -7.76430   -4.64670   -8.94410   -5.45122 2128.00082 1867.00066 1600.00090 1345.00752 1115.99863  878.99924  669.00066  510.00353  393.00000  314.99013  251.99695  222.00200  219.00242  216.00300  209.99574    0.01303    0.00539  -35.24784  498.49348 
 166.78403    4.76076   -3.45019   -3.40090   -7.52914   -7.76068   -4.64035   -8.94191   -5.44803 2127.99935 1867.00127 1600.00131 1345.00095 1116.00055  878.99935  668.99995  509.99910  392.99914  315.00078  251.99922  221.99999  219.00103  216.00020  210.00068    0.01133    0.00055  -35.24654  498.19538 
 166.78432    4.76079   -3.44918   -3.39969   -7.52964   -7.75951   -4.64142   -8.93964   -5.44972 2127.99926 1866.99988 1600.00032 1344.99958 1116.00070  879.00039  669.00160  509.99987  393.00045  315.00047  252.00012  222.00005  218.99898  215.99953  210.00065    0.01156   -0.00026  -35.24689  497.87808 
 166.78463    4.76224   -3.45237   -3.39739   -7.53128   -7.75521   -4.63826   -8.94041   -5.45266 2127.99569 1867.00002 1599.99582 1345.00171 1115.99854  879.00090  669.00254  510.00595  393.00310  315.00102  251.99608  221.99977  219.00203  215.99385  210.00025    0.01190    0.00107  -35.24703  498.53228 
 166.78292    4.76115   -3.44938   -3.40403   -7.53155   -7.75554   -4.64756   -8.93838   -5.44913 2128.00033 1867.00218 1600.00122 1345.00043 1115.99607  878.99827  669.00368  509.99730  392.99880  315.00391  252.00318  221.99532  219.00423  215.99704  209.99924    0.01417   -0.00001  -35.25096  498.78038 
 166.78531    4.76116   -3.45034   -3.39977   -7.52982   -7.76127   -4.64058   -8.94062   -5.45026 2127.99982 1866.99915 1600.00110 1344.99993 1116.00094  879.00056  668.99979  509.99910  392.99940  314.99899  251.99995  221.99941  219.00104  216.00066  209.99881    0.01063    0.00174  -35.24752  498.19832 
 166.78433    4.75704   -3.44866   -3.40033   -7.52926   -7.76603   -4.64030   -8.93944   -5.45106 2127.99862 1866.99930 1600.00136 1345.00326 1115.99792  879.00367  668.99804  510.00169  393.00043  315.00289  251.99943  221.99914  219.00160  216.00190  210.00507    0.01281    0.00236  -35.24744  496.56774 
 166.79025    4.75774   -3.44727   -3.40224   -7.53474   -7.75569   -4.63921   -8.94199   -5.45478 2127.99697 1866.99571 1600.00071 1344.99688 1116.00546  878.99836  669.00085  510.00404  392.99943  314.99732  251.99573  222.00499  218.99426  215.99276  210.00132    0.01330    0.00007  -35.24807  496.83367 
 166.78686    4.76158   -3.44813   -3.40113   -7.52876   -7.75972   -4.63930   -8.93925   -5.45148 2127.99895 1866.99979 1599.99854 1344.99814 1116.00309  878.99988  668.99791  509.99915  393.00068  315.00059  252.00190  221.99792  219.00018  215.99956  209.99812    0.01151    0.00083  -35.24753  498.14340 
 166.77680    4.76372   -3.45065   -3.40485   -7.52115   -7.75263   -4.64549   -8.92506   -5.45535 2128.00351 1866.99310 1599.99934 1344.99935 1115.99753  878.99777  668.99637  509.99728  393.01140  315.00385  252.00171  221.99112  219.00101  216.00333  209.99027    0.01586    0.00287  -35.24766  499.98268 
 166.78453    4.76011   -3.44886   -3.40020   -7.52937   -7.75966   -4.63946   -8.93977   -5.45009 2128.00120 1866.99993 1600.00049 1344.99966 1115.99991  879.00046  668.99940  510.00077  393.00042  314.99978  251.99920  221.99979  219.00055  216.00035  209.99987    0.00992   -0.00069  -35.24685  497.62695 
 166.78772    4.75844   -3.45480   -3.40021   -7.53335   -7.76132   -4.64120   -8.95107   -5.45124 2127.99815 1866.98864 1599.99297 1344.99990 1116.00256  878.98750  668.99576  510.00730  392.99811  314.99706  252.00311  222.00510  218.98941  215.99779  209.99845    0.01344    0.00191  -35.24456  498.09961 
 166.78841    4.76330   -3.43607   -3.41509   -7.52905   -7.76223   -4.64524   -8.96143   -5.45024 2127.99912 1867.00384 1599.99748 1344.99132 1116.00832  878.99797  669.00115  509.99878  392.99485  314.99276  251.99650  221.99877  218.99541  215.99647  210.00276    0.01154    0.00712  -35.25122  498.76544 
 166.78510    4.76775   -3.45255   -3.40349   -7.52880   -7.76768   -4.64049   -8.93810   -5.44773 2127.99576 1867.00719 1600.00116 1344.99680 1116.00286  879.00195  669.00007  510.00450  392.99258  314.99631  252.00086  221.99649  219.00019  216.00473  209.99503    0.01146    0.00371  -35.25989  501.44985 
 166.78649    4.76029   -3.45047   -3.39930   -7.53003   -7.76176   -4.63945   -8.93992   -5.45001 2127.99933 1867.00007 1600.00053 1345.00094 1115.99991  878.99958  669.00088  509.99953  392.99941  314.99973  252.00015  221.99976  218.99937  216.00024  210.00068    0.01084    0.00026  -35.24694  497.82860 
 166.78654    4.75048   -3.43886   -3.40544   -7.53764   -7.75357   -4.64780   -8.94177   -5.46440 2127.99194 1866.99642 1600.00019 1344.99970 1116.00116  879.00324  669.01130  510.00500  392.99765  315.00609  251.99447  221.99884  219.00208  215.99846  209.99516    0.01588   -0.00184  -35.24038  493.53833 
 166.79064    4.76094   -3.44873   -3.42301   -7.54847   -7.73581   -4.68712   -8.91333   -5.44852 2128.00065 1866.99697 1600.02636 1345.02131 1115.99088  878.99322  669.02168  510.01027  393.02331  315.01544  252.01913  221.96879  219.03610  215.98357  209.97133    0.02702    0.01591  -35.26407  502.07852 
 166.78513    4.76938   -3.44436   -3.39817   -7.53528   -7.75463   -4.63373   -8.93508   -5.45128 2127.99251 1866.98637 1600.00445 1344.99461 1115.98877  878.98371  668.99658  510.00350  393.01125  315.00978  251.99547  221.99878  219.00450  216.00089  210.01363    0.01776    0.01019  -35.24849  499.68467 
 166.78672    4.76064   -3.44648   -3.39974   -7.53108   -7.75954   -4.63902   -8.94045   -5.44932 2128.00001 1867.00031 1599.99842 1344.99748 1116.00064  878.99980  668.99770  510.00042  392.99815  314.99923  252.00330  222.00032  218.99986  216.00082  209.99804    0.01072   -0.00078  -35.24750  497.32823 
 166.76496    4.75219   -3.43781   -3.41210   -7.55376   -7.75640   -4.64036   -8.91290   -5.44174 2128.00345 1866.99961 1600.01657 1345.00503 1116.00364  878.99958  669.00168  509.97912  393.00583  314.99960  252.01962  221.99807  219.01526  215.99033  209.99064    0.03237   -0.00165  -35.23733  494.71536 
 166.78699    4.76093   -3.45146   -3.40092   -7.52886   -7.75884   -4.64004   -8.94346   -5.44901 2127.99863 1867.00208 1599.99821 1344.99933 1116.00116  878.99834  668.99971  509.99792  392.99963  314.99827  251.99995  221.99908  218.99787  216.00204  209.99876    0.01127    0.00181  -35.24718  498.46839 
 166.78508    4.76036   -3.44955   -3.39981   -7.52804   -7.75799   -4.64079   -8.94082   -5.45155 2127.99968 1866.99924 1599.99911 1344.99946 1115.99994  879.00056  669.00036  509.99822  393.00072  315.00077  252.00098  221.99932  218.99865  216.00022  210.00011    0.01084   -0.00098  -35.24468  497.79468 
 166.79977    4.76910   -3.45133   -3.39488   -7.52698   -7.75678   -4.64029   -8.93781   -5.44933 2127.99157 1866.99689 1599.99713 1344.99131 1116.00367  879.00063  669.00286  510.00335  393.00313  315.00402  252.00641  222.00540  218.99824  215.99952  210.00163    0.01431   -0.00514  -35.25055  500.41585 
 166.78415    4.76021   -3.45125   -3.40096   -7.53081   -7.76046   -4.64077   -8.94008   -5.45033 2128.00012 1866.99988 1599.99943 1344.99874 1116.00108  879.00158  669.00106  509.99987  393.00077  314.99916  252.00015  221.99883  218.99938  215.99934  209.99992    0.01041   -0.00078  -35.24578  498.20171 
 166.78456    4.76047   -3.44994   -3.39929   -7.52962   -7.76047   -4.64028   -8.94189   -5.45048 2128.00000 1866.99886 1600.00166 1344.99908 1116.00072  879.00107  669.00023  509.99761  392.99926  314.99971  251.99969  221.99897  219.00055  216.00164  209.99913    0.00986    0.00020  -35.24652  497.81431 
 166.78337    4.75839   -3.44891   -3.40010   -7.52885   -7.76218   -4.64020   -8.94004   -5.44794 2127.99711 1867.00306 1600.00304 1345.00121 1115.99954  879.00157  669.00133  509.99661  392.99915  315.00017  252.00031  221.99953  218.99588  215.99905  210.00070    0.01154    0.00088  -35.24480  497.03680 
 166.78290    4.76299   -3.44824   -3.40340   -7.53041   -7.76135   -4.63990   -8.94429   -5.44968 2128.00068 1867.00217 1600.00150 1345.00082 1116.00066  878.99974  668.99931  510.00065  393.00127  315.00056  252.00066  222.00081  218.99941  216.00119  210.00075    0.01153    0.00164  -35.24616  499.00103 
 166.79823    4.76786   -3.45690   -3.38284   -7.53825   -7.75314   -4.64946   -8.92766   -5.44136 2128.02050 1866.97868 1600.00674 1345.02410 1116.00440  879.00179  669.00439  509.99925  392.99342  314.98827  252.00110  221.99701  218.97764  216.00124  209.98995    0.01416   -0.00101  -35.26126  499.25976 
 166.81078    4.76627   -3.45666   -3.39856   -7.50685   -7.74819   -4.62696   -8.92293   -5.44707 2128.00778 1867.00879 1599.99472 1344.99212 1115.99132  878.98676  669.02119  509.97650  392.96768  314.98319  251.98963  221.99056  219.00213  215.98393  209.96347    0.02750   -0.00259  -35.27980  500.61599 
 166.78621    4.76022   -3.45018   -3.40065   -7.53038   -7.76122   -4.63898   -8.93869   -5.44919 2127.99885 1867.00043 1600.00099 1345.00029 1115.99878  878.99781  669.00044  510.00044  392.99744  315.00032  251.99793  221.99699  219.00025  216.00093  209.99785    0.01119    0.00257  -35.24790  497.94917 
 166.74658    4.76969   -3.47267   -3.41711   -7.54956   -7.75553   -4.64740   -8.92781   -5.46528 2127.98946 1867.00433 1600.03633 1344.99457 1116.00380  878.98455  668.98376  510.00149  393.00365  315.02117  252.01436  222.00398  218.98695  216.01349  210.00994    0.01348   -0.00307  -35.25008  507.93074 
 166.78879    4.76377   -3.45060   -3.39772   -7.52799   -7.76003   -4.64043   -8.93862   -5.44955 2127.99742 1866.99969 1600.00008 1344.99711 1116.00072  879.00035  669.00192  510.00031  393.00016  315.00071  252.00154  222.00190  219.00008  216.00010  210.00095    0.01088   -0.00138  -35.24794  498.84923 
 166.78877    4.76212   -3.45110   -3.39959   -7.52563   -7.76363   -4.64184   -8.93894   -5.45715 2127.99262 1867.00351 1599.99507 1345.00200 1116.00033  878.99773  669.00221  509.99822  392.99904  314.99531  251.99950  221.99285  218.99558  216.00063  210.01038    0.01181   -0.00464  -35.25045  498.65667 
 166.78548    4.76009   -3.44615   -3.40094   -7.52921   -7.75974   -4.64222   -8.94081   -5.44952 2127.99983 1866.99704 1600.00289 1345.00223 1115.99607  879.00180  668.99945  510.00238  392.99918  314.99729  252.00189  222.00145  218.99940  216.00323  209.99899    0.00999   -0.00070  -35.24690  497.31502 
 166.78526    4.75472   -3.44900   -3.39908   -7.53252   -7.76316   -4.64051   -8.94422   -5.44354 2128.00059 1866.99981 1599.99696 1344.99890 1116.00070  878.99855  669.00198  509.99690  393.00394  314.99897  252.00268  221.99912  218.99310  216.00282  210.00092    0.01001    0.00162  -35.24962  495.65288 
 166.78531    4.76011   -3.45013   -3.39987   -7.53101   -7.75904   -4.64067   -8.93979   -5.44904 2128.00005 1866.99970 1599.99981 1344.99979 1115.99999  878.99917  669.00022  509.99886  392.99960  315.00084  252.00000  221.99861  219.00068  215.99966  210.00031    0.00959   -0.00022  -35.24659  497.81403 
 166.79023    4.76020   -3.45019   -3.40252   -7.53432   -7.75459   -4.63792   -8.93941   -5.45125 2127.99701 1867.00084 1599.99781 1344.99815 1116.00085  878.99614  668.99980  510.00128  392.99850  314.99987  251.99855  222.00490  218.99579  215.99621  209.99957    0.01139    0.00177  -35.24432  498.19814 
 166.78348    4.75769   -3.45335   -3.39884   -7.52774   -7.75951   -4.63841   -8.93503   -5.45042 2128.00356 1867.00344 1599.99913 1344.99914 1116.00106  878.99886  669.00201  509.99929  393.00018  315.00099  252.00015  221.99922  219.00321  215.99837  209.99787    0.01116    0.00498  -35.24332  497.33636 
 166.78479    4.75859   -3.44994   -3.40102   -7.52948   -7.76043   -4.63933   -8.93941   -5.45134 2127.99871 1866.99896 1599.99894 1345.00085 1115.99816  879.00057  669.00051  509.99948  392.99874  315.00025  252.00050  222.00029  219.00058  215.99931  210.00122    0.00978   -0.00122  -35.24694  497.40102 
 166.78158    4.76018   -3.44779   -3.39841   -7.53113   -7.75829   -4.64015   -8.94404   -5.44885 2127.99914 1867.00411 1599.99843 1345.00029 1116.00252  878.99853  668.99598  510.00071  392.99567  314.99682  252.00083  222.00086  218.99612  216.00199  210.00083    0.01183   -0.00248  -35.24521  497.21980 
 166.78538    4.76321   -3.45128   -3.40026   -7.52628   -7.76413   -4.64186   -8.93767   -5.44838 2127.99921 1867.00316 1600.00170 1344.99594 1116.00039  878.99997  669.00130  510.00001  392.99842  315.00063  252.00131  221.99864  218.99971  216.00008  209.99925    0.01160   -0.00053  -35.25106  499.16839 
 166.78484    4.77649   -3.45628   -3.40538   -7.53236   -7.76534   -4.64288   -8.92948   -5.44372 2127.99845 1867.01779 1599.98957 1344.98342 1116.00148  879.00717  668.99743  510.00244  392.98670  314.99743  252.00367  222.00041  219.00021  216.00429  209.99849    0.01196    0.00762  -35.26256  505.57830 
 166.78769    4.75603   -3.47233   -3.38920   -7.53374   -7.73380   -4.67401   -8.94917   -5.44226 2128.01286 1866.97917 1600.00473 1344.98241 1116.02825  879.01081  669.00801  509.98441  393.01787  314.97032  252.00140  222.00458  219.01568  215.99648  210.00260    0.02508    0.01266  -35.26121  499.09254 
 166.78671    4.76016   -3.45019   -3.39958   -7.52703   -7.76339   -4.64361   -8.93904   -5.45499 2127.99884 1866.99924 1600.00006 1345.00152 1115.99809  878.99860  669.00344  509.99970  392.99765  314.99708  252.00130  222.00044  218.99914  216.00360  210.00494    0.01131   -0.00064  -35.24830  497.85182 
 166.78363    4.76262   -3.45468   -3.39601   -7.52874   -7.76558   -4.63861   -8.94119   -5.44900 2128.00608 1867.00240 1599.99831 1345.00136 1115.99834  879.00091  669.00047  510.00271  392.99734  315.00190  252.00470  222.00330  218.99690  216.00037  209.99699    0.01625    0.00369  -35.24425  498.85704 
 166.78271    4.76049   -3.45090   -3.40317   -7.53035   -7.75613   -4.64203   -8.94696   -5.44681 2128.00061 1867.00582 1599.99752 1344.99737 1116.00134  879.00055  669.00024  509.99996  392.99779  314.99717  252.00262  221.99799  219.00594  215.99853  209.99829    0.01190    0.00145  -35.24253  498.58906 
 166.78536    4.76552   -3.45030   -3.40321   -7.52992   -7.76061   -4.63688   -8.93772   -5.44824 2128.00080 1866.99353 1600.00384 1344.99874 1115.99837  879.00093  668.99676  510.00240  392.99893  315.00035  252.00096  222.00207  218.99750  216.00149  210.00143    0.01347    0.00384  -35.24410  500.16155 
 166.79039    4.75361   -3.44975   -3.40537   -7.51722   -7.75313   -4.64975   -8.92988   -5.46392 2127.99922 1867.00524 1600.00317 1344.99690 1115.99032  879.00727  668.99858  510.00836  393.01962  315.00870  251.99495  221.99694  219.00582  215.99973  210.00486    0.01560    0.00265  -35.24476  496.48241 
 166.78930    4.74458   -3.46175   -3.40569   -7.54012   -7.75136   -4.60644   -8.91054   -5.45954 2128.02542 1867.01141 1600.03041 1344.98570 1115.98020  879.00689  669.01260  509.99091  392.99665  314.99643  252.01240  222.00313  218.99507  215.99370  210.00445    0.01605   -0.01050  -35.24147  494.64991 
 166.78982    4.76291   -3.44745   -3.39782   -7.53302   -7.76223   -4.64052   -8.94250   -5.44893 2128.00219 1866.99770 1599.99550 1345.00032 1116.00447  879.00450  668.99271  509.99660  392.98947  314.99952  251.99388  222.00324  219.00341  215.99995  210.00228    0.01315    0.00713  -35.24552  498.02307 
 166.78530    4.76067   -3.45124   -3.40015   -7.52924   -7.76016   -4.63998   -8.94045   -5.45058 2128.00029 1866.99974 1599.99898 1345.00010 1116.00140  879.00140  669.00260  510.00099  393.00109  315.00048  252.00009  221.99968  219.00053  215.99938  209.99918    0.01071   -0.00104  -35.24573  498.22900 
 166.78335    4.75953   -3.45496   -3.39723   -7.53206   -7.76091   -4.64261   -8.94268   -5.45073 2127.99792 1867.00193 1599.99951 1344.99872 1115.99883  878.99891  668.99690  510.00456  392.99809  314.99738  252.00780  222.00716  218.99831  215.99807  210.00282    0.01322    0.00572  -35.24681  498.08712 
 166.78249    4.75160   -3.44543   -3.40103   -7.53398   -7.75435   -4.64179   -8.93818   -5.45215 2128.00574 1866.99468 1600.00142 1345.00252 1115.99766  878.99793  668.99757  509.99583  393.00757  315.00361  252.00147  222.00331  219.00328  215.99747  210.00112    0.01152   -0.00199  -35.23839  494.29203 
 166.78319    4.76321   -3.44840   -3.39728   -7.52913   -7.76288   -4.64352   -8.94314   -5.45193 2127.99944 1866.99726 1600.00266 1344.99969 1116.00035  879.00233  668.99909  509.99773  392.99691  315.00016  251.99963  221.99960  219.00140  216.00151  209.99716    0.01093    0.00304  -35.24692  498.26421 
 166.78580    4.76617   -3.44948   -3.39984   -7.53147   -7.75933   -4.64223   -8.94157   -5.45114 2127.99774 1867.00348 1600.00104 1344.99951 1115.99557  879.00039  669.00292  510.00113  392.99936  314.99940  252.00089  222.00312  219.00018  215.99793  210.00022    0.01426    0.00020  -35.24812  499.83996 
 166.78594    4.76118   -3.45019   -3.40025   -7.52900   -7.76150   -4.63989   -8.93980   -5.45026 2127.99969 1867.00076 1600.00148 1345.00082 1115.99995  878.99983  668.99956  510.00035  392.99939  315.00034  252.00048  222.00066  218.99972  216.00032  209.99963    0.01106    0.00150  -35.24698  498.23809 
 166.78879    4.74329   -3.45830   -3.40030   -7.54116   -7.75239   -4.61057   -8.91129   -5.45707 2128.02361 1867.01741 1600.02766 1344.98747 1115.98150  879.00401  669.01676  509.98852  392.99868  314.99612  252.01587  222.00182  218.99583  215.99464  210.00307    0.01400   -0.01682  -35.24506  492.95522 
 166.78473    4.76058   -3.45604   -3.39808   -7.52920   -7.76357   -4.63889   -8.94086   -5.45177 2127.99647 1866.99641 1599.99949 1345.00406 1115.99494  878.99984  668.99798  510.00666  392.99415  314.99870  252.01026  222.00667  218.99891  215.99850  210.00518    0.01425    0.00504  -35.24829  498.69521 
 166.78408    4.75668   -3.45358   -3.39781   -7.53110   -7.75785   -4.64610   -8.94584   -5.44907 2128.00080 1866.99242 1599.99342 1344.99801 1116.00388  878.99170  668.99954  510.00295  393.00444  314.99793  252.00047  222.00312  218.99239  215.99842  209.99985    0.01491    0.00267  -35.24725  497.01228 
 166.79833    4.75711   -3.46218   -3.40305   -7.53038   -7.75216   -4.63132   -8.93303   -5.44492 2127.99854 1867.01324 1599.99742 1344.99892 1116.00982  879.01632  668.99863  509.99355  393.01092  315.01023  252.01590  222.01005  219.01021  215.98553  210.00836    0.01445   -0.01667  -35.25283  499.11978 
 166.78680    4.76515   -3.45301   -3.39473   -7.52978   -7.76073   -4.63595   -8.94263   -5.44864 2128.00352 1866.99857 1599.99878 1344.99758 1115.99740  879.00383  668.99646  510.00348  392.99875  315.00128  251.99712  222.00291  219.00117  216.00315  210.00546    0.01103    0.00096  -35.25203  499.21799 
 166.79036    4.76773   -3.43297   -3.40517   -7.54293   -7.74705   -4.63490   -8.93656   -5.45243 2127.99935 1867.00050 1599.99677 1345.00146 1116.00398  878.99296  668.98855  510.01037  392.99810  314.98868  251.99081  222.01418  218.99364  215.99040  210.01213    0.02450   -0.00095  -35.24572  498.17304 
 166.78230    4.76571   -3.45017   -3.39772   -7.52933   -7.76349   -4.64306   -8.94483   -5.45295 2127.99805 1866.99315 1600.00436 1344.99635 1116.00149  879.00294  668.99718  509.99572  392.99725  314.99690  252.00030  221.99979  219.00407  216.00626  209.99578    0.01284    0.00480  -35.24990  499.49474 
 166.78361    4.75789   -3.44566   -3.40094   -7.52846   -7.75909   -4.63990   -8.94207   -5.45423 2127.99994 1866.99758 1600.00164 1345.00159 1115.99993  879.00482  669.00286  510.00161  392.99988  315.00038  251.99806  222.00162  218.99901  216.00205  210.00046    0.01351    0.00048  -35.24624  496.43179 
 166.78353    4.75822   -3.44689   -3.40398   -7.53302   -7.75712   -4.64468   -8.94317   -5.45294 2128.00067 1866.99876 1600.00155 1344.99830 1115.99985  879.00136  668.99952  509.99796  392.99663  315.00162  251.99800  221.99776  219.00062  215.99914  209.99752    0.01259    0.00014  -35.24649  497.27837 
 166.79242    4.76647   -3.44743   -3.40006   -7.52600   -7.75187   -4.63605   -8.93783   -5.45019 2127.99807 1866.99940 1599.99921 1344.99342 1115.99378  878.99067  669.00462  509.99661  392.99568  314.99762  251.99574  221.99763  219.00124  215.99607  209.99517    0.01793    0.00175  -35.25652  499.50902 
 166.78357    4.76080   -3.44993   -3.40035   -7.52940   -7.75964   -4.64076   -8.93889   -5.44963 2128.00117 1866.99957 1599.99945 1345.00041 1116.00001  878.99930  668.99962  509.99963  393.00068  315.00058  251.99956  221.99894  219.00017  215.99959  209.99924    0.01073   -0.00006  -35.24659  498.09175 
 166.78549    4.76020   -3.44989   -3.40009   -7.53014   -7.75992   -4.64027   -8.93993   -5.45064 2127.99846 1866.99923 1599.99969 1345.00024 1116.00090  878.99957  668.99968  509.99923  393.00111  315.00022  251.99981  222.00027  219.00067  216.00014  209.99869    0.00963   -0.00031  -35.24752  497.83109 
 166.78465    4.75733   -3.44752   -3.40195   -7.53163   -7.76506   -4.64189   -8.93865   -5.44724 2127.99717 1866.99881 1600.00380 1345.00704 1115.99966  878.99838  668.99970  510.00133  393.00114  314.99337  251.99787  222.00140  218.99929  216.00100  209.99735    0.01201    0.00139  -35.24551  496.74138 
 166.78441    4.76175   -3.44701   -3.39994   -7.52777   -7.75926   -4.63917   -8.94039   -5.45014 2128.00001 1867.00016 1600.00035 1345.00136 1115.99929  878.99950  669.00014  509.99772  393.00026  314.99858  252.00109  222.00138  219.00087  215.99697  210.00008    0.01054   -0.00024  -35.24603  497.83165 
 166.79539    4.75581   -3.44040   -3.38689   -7.53530   -7.76917   -4.64024   -8.92242   -5.44582 2128.00838 1866.99495 1600.00794 1345.01657 1116.00923  878.99589  669.00324  510.00755  393.00013  314.99461  251.98751  221.99177  218.98177  216.00963  209.99780    0.01672   -0.01043  -35.24718  492.84154 
 166.78564    4.75980   -3.45028   -3.39850   -7.53031   -7.76126   -4.63965   -8.93946   -5.44862 2128.00011 1866.99980 1600.00072 1345.00005 1116.00033  879.00090  669.00146  509.99903  392.99952  314.99958  251.99978  221.99945  219.00011  216.00029  209.99880    0.00905   -0.00045  -35.24644  497.51531 
 166.78808    4.76482   -3.44868   -3.40044   -7.52873   -7.76289   -4.64219   -8.93946   -5.44660 2128.00379 1867.00508 1599.99765 1345.00295 1116.00036  878.99982  668.99960  510.00140  392.99990  314.99713  251.99937  222.00210  219.00292  216.00444  210.00237    0.01404    0.00264  -35.24627  499.31867 
 166.78465    4.76230   -3.45519   -3.39830   -7.52535   -7.75865   -4.63903   -8.95009   -5.45454 2127.99826 1867.00289 1599.99483 1344.99510 1115.99913  878.99974  669.00003  509.99525  392.99752  315.00348  252.00134  222.00299  218.99468  215.99803  209.99918    0.01416    0.00299  -35.24655  499.17533 
 166.78443    4.75763   -3.44880   -3.40031   -7.52480   -7.76397   -4.64163   -8.94111   -5.44939 2127.99806 1867.00123 1599.99964 1345.00090 1115.99625  879.00312  668.99885  510.00145  393.00212  315.00389  252.00012  222.00108  219.00039  215.99901  210.00465    0.01388    0.00003  -35.24807  496.81767 
 166.78637    4.76336   -3.44912   -3.40167   -7.53110   -7.76067   -4.63959   -8.93861   -5.44991 2128.00055 1866.99782 1600.00184 1344.99923 1115.99918  879.00087  668.99768  510.00149  392.99870  314.99955  252.00067  222.00153  218.99831  216.00042  210.00105    0.01131    0.00108  -35.24530  499.02030 
 166.78385    4.76137   -3.45095   -3.40058   -7.52802   -7.75833   -4.64028   -8.93518   -5.45048 2128.00136 1866.99806 1600.00048 1345.00027 1116.00031  878.99952  668.99762  509.99925  393.00220  315.00203  252.00027  221.99740  219.00023  216.00013  209.99938    0.01216    0.00056  -35.24666  498.49198 
 166.78495    4.76012   -3.44899   -3.40208   -7.53046   -7.75928   -4.64189   -8.93987   -5.45223 2128.00041 1866.99875 1599.99991 1344.99790 1115.99846  879.00010  668.99888  510.00203  392.99701  315.00149  251.99980  222.00033  218.99908  216.00187  209.99800    0.01175    0.00242  -35.24753  497.97223 
 166.77364    4.76284   -3.45752   -3.40641   -7.53660   -7.75957   -4.64261   -8.93690   -5.45481 2127.99715 1867.00198 1600.01113 1344.99841 1116.00117  878.99475  668.99434  510.00091  393.00098  315.00642  252.00350  222.00026  218.99496  216.00461  210.00259    0.01169   -0.00060  -35.24776  501.04789 
 166.78804    4.77206   -3.45669   -3.39977   -7.51421   -7.77573   -4.64423   -8.92727   -5.44505 2127.99697 1867.00468 1600.00990 1344.98717 1115.99948  879.00011  669.00263  509.99977  392.99583  315.00404  252.00319  221.99677  218.99426  216.00061  209.99830    0.01448   -0.00070  -35.26522  503.20997 
 166.79584    4.76774   -3.43366   -3.40362   -7.54300   -7.75058   -4.62844   -8.93815   -5.45284 2128.00063 1867.00273 1599.99278 1345.00124 1116.00788  878.99415  668.98330  510.01462  392.99558  314.98210  251.98939  222.02205  218.98900  215.99334  210.01159    0.02141   -0.00437  -35.24463  497.96143 
 166.78548    4.75982   -3.45128   -3.39984   -7.53050   -7.76067   -4.64212   -8.93912   -5.45092 2127.99966 1867.00112 1600.00014 1344.99971 1116.00073  878.99761  668.99717  509.99982  392.99876  314.99982  251.99874  221.99978  218.99893  216.00008  210.00034    0.01195    0.00074  -35.24745  497.93250 
 166.78504    4.75931   -3.44945   -3.39878   -7.53120   -7.75569   -4.64146   -8.93505   -5.45000 2128.00140 1867.00333 1600.00182 1344.99760 1115.99760  879.00098  669.00228  509.99906  392.99930  315.00439  252.00266  221.99868  219.00429  215.99699  210.00269    0.01308   -0.00224  -35.24817  497.27664 
 166.78646    4.76234   -3.44737   -3.39969   -7.53021   -7.76006   -4.63954   -8.94126   -5.44835 2127.99812 1866.99924 1599.99900 1345.00024 1115.99906  878.99904  668.99785  510.00024  392.99941  314.99996  252.00125  221.99977  219.00044  215.99992  209.99820    0.01267   -0.00039  -35.24807  498.07272 
 166.78834    4.76127   -3.45176   -3.40070   -7.52943   -7.76286   -4.64044   -8.94098   -5.44967 2128.00302 1867.00043 1599.99894 1345.00008 1116.00212  878.99970  669.00040  510.00115  392.99751  315.00058  251.99960  221.99950  219.00123  216.00136  210.00016    0.01202    0.00097  -35.24481  498.61757 
 166.78621    4.76050   -3.45196   -3.39939   -7.53102   -7.75858   -4.63932   -8.94486   -5.45100 2127.99908 1866.99714 1599.99457 1344.99589 1115.99835  879.00108  669.00266  510.00000  393.00068  314.99767  251.99586  222.00437  219.00428  215.99980  209.99510    0.01564    0.00089  -35.24580  498.16844 
 166.78743    4.76023   -3.44815   -3.39839   -7.53465   -7.75762   -4.63906   -8.94295   -5.45114 2128.00164 1866.99700 1599.99652 1345.00323 1116.00286  879.00227  668.99733  509.99825  392.99611  314.99895  251.99601  222.00290  219.00332  215.99957  210.00049    0.01208    0.00511  -35.24124  497.27515 
 166.78412    4.76582   -3.44611   -3.39776   -7.53083   -7.75930   -4.64037   -8.94081   -5.44805 2128.00047 1867.00366 1600.00345 1345.00561 1115.99891  878.99793  668.99855  509.99984  392.99969  314.99827  252.00121  222.00746  218.99672  215.99839  210.00088    0.01630    0.00196  -35.25086  498.79595 
 166.79013    4.76052   -3.45315   -3.39830   -7.52711   -7.76403   -4.63899   -8.93609   -5.45042 2128.00031 1867.00218 1599.99817 1344.99947 1115.99655  878.99586  669.00163  509.99688  393.00099  315.00160  251.99773  221.99921  218.99790  215.99980  210.00059    0.01077    0.00062  -35.25232  498.20756 
 166.79263    4.76996   -3.47062   -3.39566   -7.53837   -7.76004   -4.63943   -8.92213   -5.44269 2127.99866 1867.01096 1600.00956 1344.99056 1116.01955  879.00144  668.99827  510.01172  392.99473  315.00753  252.00143  222.00162  219.00752  215.99815  209.98768    0.02293   -0.00685  -35.26143  504.15444 
 166.76732    4.75646   -3.45070   -3.39857   -7.51549   -7.76459   -4.65301   -8.91615   -5.45098 2128.00930 1866.99990 1599.98698 1345.00323 1116.00077  878.99837  669.00395  509.99278  393.02057  315.01059  252.01052  221.98950  218.98618  216.00372  209.98895    0.02606    0.01328  -35.24329  496.67323 
 166.78506    4.76260   -3.45105   -3.40029   -7.52863   -7.76087   -4.63744   -8.94147   -5.44929 2127.99972 1866.99839 1600.00100 1344.99909 1115.99884  878.99993  668.99685  509.99909  392.99909  315.00071  252.00264  222.00100  218.99929  215.99860  209.99973    0.01234    0.00072  -35.24557  498.84361 
 166.78659    4.76034   -3.45000   -3.39918   -7.52844   -7.75762   -4.63936   -8.93942   -5.45027 2128.00009 1867.00041 1599.99916 1344.99882 1115.99897  878.99861  669.00167  509.99856  392.99854  314.99876  251.99943  221.99949  219.00020  215.99805  209.99812    0.01118    0.00022  -35.24863  497.74915 
 166.78565    4.76082   -3.44741   -3.39945   -7.52740   -7.75860   -4.63836   -8.94038   -5.44958 2127.99943 1867.00019 1599.99908 1345.00000 1115.99980  879.00032  668.99982  509.99886  392.99949  314.99921  252.00012  222.00140  218.99935  215.99847  209.99911    0.01022   -0.00025  -35.24927  497.49643 
 166.78455    4.75963   -3.44902   -3.39819   -7.53016   -7.76158   -4.63928   -8.93763   -5.44969 2128.00057 1867.00009 1600.00095 1344.99908 1116.00009  879.00072  668.99973  509.99870  393.00022  315.00211  252.00061  222.00099  219.00016  216.00053  210.00047    0.01108   -0.00054  -35.24723  497.18986 
 166.78545    4.75999   -3.44753   -3.39824   -7.53085   -7.76142   -4.64095   -8.93995   -5.44962 2127.99872 1867.00136 1599.99922 1344.99997 1116.00079  879.00021  669.00097  509.99994  392.99998  314.99996  251.99984  221.99965  218.99913  216.00090  210.00079    0.01046   -0.00073  -35.24633  497.09939 
 166.77652    4.77652   -3.45199   -3.41245   -7.53284   -7.76204   -4.66389   -8.94886   -5.45611 2127.99460 1867.01467 1600.00609 1345.02622 1115.98466  879.00665  669.00622  510.01365  393.00669  314.98567  252.00728  222.00312  219.00535  215.99512  210.00261    0.02021    0.01182  -35.24177  506.30438 
 166.78565    4.76483   -3.45139   -3.40337   -7.53082   -7.76036   -4.63822   -8.93612   -5.44882 2128.00145 1866.99573 1599.99843 1345.00121 1115.99880  879.00168  669.00106  510.00204  393.00117  315.00210  252.00346  222.00246  218.99617  216.00304  209.99996    0.01185    0.00191  -35.24553  500.15461 
 166.78675    4.76079   -3.44972   -3.39973   -7.53034   -7.75964   -4.63920   -8.94068   -5.44804 2127.99934 1866.99988 1600.00006 1345.00145 1115.99986  878.99806  668.99919  510.00285  392.99987  314.99720  251.99921  222.00116  219.00073  216.00130  210.00046    0.01229    0.00148  -35.24486  497.93937 
 166.78534    4.76103   -3.44990   -3.40024   -7.52956   -7.76009   -4.64125   -8.94357   -5.44788 2127.99886 1866.99968 1600.00008 1345.00033 1115.99828  878.99941  668.99937  510.00047  393.00039  315.00139  251.99996  221.99863  219.00104  216.00221  209.99990    0.01065   -0.00063  -35.24696  498.16024 
 166.78394    4.75835   -3.44081   -3.39305   -7.52730   -7.74968   -4.63744   -8.94271   -5.44447 2128.00838 1867.00208 1599.99984 1345.00644 1116.00444  878.98994  668.99632  509.99467  393.00067  315.00294  251.99679  222.00659  218.99709  215.99815  210.00176    0.01416    0.00233  -35.25582  494.58757 
 166.79094    4.76125   -3.44769   -3.39590   -7.53398   -7.75888   -4.64009   -8.93392   -5.44672 2128.00192 1866.99980 1599.99630 1344.99430 1116.00013  879.00105  668.99641  510.00353  392.99496  315.00782  251.99834  221.99563  218.99633  216.00316  210.00485    0.01166    0.00012  -35.25014  497.20703 
 166.78480    4.76064   -3.45082   -3.39983   -7.52774   -7.76009   -4.63931   -8.93953   -5.44715 2127.99976 1867.00102 1600.00335 1345.00173 1116.00011  879.00036  668.99985  510.00107  393.00236  315.00141  251.99893  222.00037  218.99883  216.00119  209.99964    0.01115    0.00234  -35.24585  498.08897 
 166.79766    4.77095   -3.45320   -3.39261   -7.52622   -7.75835   -4.64176   -8.94226   -5.45087 2127.98868 1866.99949 1599.99070 1344.99070 1116.00292  878.99834  669.00285  510.00226  392.99733  315.00564  252.00057  222.00560  218.99874  216.00040  209.99663    0.01720   -0.00191  -35.25188  501.07139 
 166.78494    4.76075   -3.44990   -3.39900   -7.52961   -7.75967   -4.63990   -8.93977   -5.45108 2128.00017 1867.00016 1599.99977 1344.99980 1116.00012  879.00085  669.00029  510.00042  392.99976  315.00066  252.00017  222.00050  218.99962  216.00067  209.99997    0.01037    0.00003  -35.24789  497.85703 
 166.78690    4.75992   -3.44900   -3.39977   -7.52992   -7.75976   -4.64186   -8.94176   -5.44881 2128.00106 1866.99941 1599.99860 1345.00123 1116.00180  879.00169  669.00021  510.00112  393.00039  314.99980  251.99667  222.00062  218.99825  216.00344  210.00046    0.01075    0.00165  -35.24774  497.56447 
 166.78425    4.76021   -3.44742   -3.39831   -7.52852   -7.75758   -4.63682   -8.93868   -5.44908 2128.00256 1867.00119 1600.00048 1345.00042 1116.00252  878.99700  668.99918  509.99804  393.00032  314.99921  252.00123  222.00171  218.99996  216.00002  209.99998    0.01169    0.00155  -35.24830  497.09226 
 166.78529    4.76019   -3.44934   -3.39912   -7.53087   -7.76078   -4.63961   -8.93960   -5.44826 2127.99921 1867.00086 1599.99960 1345.00047 1116.00014  878.99918  668.99958  509.99877  393.00074  315.00001  251.99929  222.00045  218.99941  215.99956  209.99970    0.00981   -0.00044  -35.24580  497.57978 
 166.78069    4.75596   -3.44573   -3.39822   -7.52943   -7.76324   -4.64378   -8.93694   -5.44648 2127.99424 1867.00173 1600.00578 1345.00169 1115.99974  879.00292  669.00184  509.99794  393.00112  314.99904  252.00212  221.99918  218.99291  215.99754  210.00037    0.01361   -0.00206  -35.24678  495.45680 
 166.78431    4.76132   -3.46060   -3.40573   -7.53634   -7.75399   -4.64636   -8.93159   -5.45606 2128.00701 1866.99683 1599.99635 1344.99241 1116.02025  879.01017  668.99987  509.99677  393.00184  315.00209  252.00976  221.99985  218.99604  215.99745  210.00399    0.01987   -0.01072  -35.24237  501.00803 
 166.78688    4.76085   -3.44924   -3.39386   -7.52592   -7.75516   -4.63879   -8.93968   -5.44969 2128.00051 1867.00075 1600.00113 1344.99918 1116.00228  878.99673  668.99371  509.99456  393.00099  315.00083  251.99847  222.00135  218.99793  216.00040  210.00010    0.01208    0.00184  -35.24850  496.99945 
 166.78456    4.76259   -3.44838   -3.39905   -7.53178   -7.75782   -4.63772   -8.93801   -5.45108 2127.99848 1866.99589 1600.00133 1344.99894 1115.99737  878.99550  668.99807  510.00130  393.00304  315.00241  251.99965  222.00006  219.00124  216.00042  210.00367    0.01314    0.00284  -35.24762  498.20566 
 166.79014    4.75339   -3.45386   -3.40010   -7.53650   -7.75545   -4.62467   -8.92335   -5.45316 2128.01194 1867.00514 1600.01260 1344.99098 1115.99115  879.00426  669.00439  509.99740  392.99629  315.00287  252.00508  221.99945  218.99490  215.99714  210.00373    0.01358   -0.00398  -35.24672  495.87620 
 166.77597    4.76039   -3.44559   -3.41128   -7.53607   -7.74223   -4.66863   -8.93258   -5.45076 2128.00198 1867.00329 1600.00059 1345.00427 1115.99086  878.99726  669.01676  509.98993  392.99882  315.01365  252.00865  221.98129  219.01377  215.98424  210.00194    0.02211    0.00139  -35.25727  499.27329 
 166.78315    4.76388   -3.44755   -3.40056   -7.53268   -7.75699   -4.64628   -8.93518   -5.44805 2127.99604 1866.99786 1599.99786 1344.99608 1116.00458  878.99628  669.00544  510.00398  393.00405  315.00332  251.99858  221.99507  218.99840  216.00027  210.00148    0.01789    0.00062  -35.24604  498.88888 
 166.79347    4.76188   -3.45362   -3.39898   -7.53150   -7.76001   -4.63939   -8.93592   -5.45456 2128.00788 1867.00412 1599.99912 1344.99923 1116.00648  879.01369  668.99740  510.00491  393.00376  315.00254  252.00371  221.99841  218.99723  215.99819  210.00125    0.01506   -0.00653  -35.24452  498.87772 
 166.79167    4.76638   -3.44745   -3.40104   -7.52464   -7.75101   -4.64196   -8.94307   -5.45350 2127.99552 1867.00150 1599.99990 1344.98920 1115.99461  878.99724  669.00332  510.00496  392.99655  314.99687  251.99641  221.99550  219.00574  216.00057  209.99028    0.01370    0.00092  -35.24914  499.74234 
 166.79287    4.76525   -3.43925   -3.39851   -7.53556   -7.75935   -4.63296   -8.93984   -5.44880 2127.99704 1866.99773 1599.99374 1344.98374 1116.00645  878.99861  668.99046  509.99615  392.99300  314.99928  252.01173  221.99418  218.99756  216.00253  209.99132    0.01321   -0.00085  -35.24828  497.39283 
 166.78368    4.76087   -3.44842   -3.39763   -7.52930   -7.76103   -4.63826   -8.93856   -5.44902 2128.00069 1867.00192 1599.99415 1344.99859 1116.00158  879.00042  668.99939  509.99870  393.00044  315.00385  252.00139  222.00040  218.99796  216.00210  209.99908    0.01143   -0.00083  -35.24405  497.41644 
 166.78031    4.76204   -3.45987   -3.38973   -7.52377   -7.75801   -4.63406   -8.92599   -5.45273 2127.99914 1866.99345 1599.99988 1345.00447 1115.99088  879.00281  668.99506  509.99709  393.00505  315.00869  252.00134  221.99947  219.00059  216.00199  209.99960    0.01140   -0.00908  -35.24230  498.50177 
 166.78343    4.77156   -3.45784   -3.40354   -7.53282   -7.76571   -4.65109   -8.92954   -5.43635 2127.99665 1867.01149 1599.99627 1344.98857 1116.00709  879.00683  668.99893  509.99768  392.99496  314.98872  252.00246  222.00135  219.00311  216.00454  209.99546    0.01849    0.01114  -35.26055  503.93475 
 166.78347    4.76667   -3.44847   -3.39846   -7.53303   -7.76335   -4.64290   -8.94030   -5.44981 2127.99831 1867.00493 1600.00325 1345.00348 1115.99690  879.00314  669.00216  510.00110  392.99985  315.00066  252.00129  222.00368  218.99709  215.99780  210.00130    0.01482   -0.00008  -35.24742  499.65180 
 166.78139    4.76841   -3.44755   -3.39606   -7.52944   -7.76154   -4.64315   -8.93987   -5.45585 2128.00251 1866.99580 1600.00713 1344.99830 1116.00379  879.01111  668.99500  509.99915  392.99888  314.99648  252.00498  221.99491  219.00466  216.00029  209.99198    0.01553   -0.00297  -35.24749  499.74826 
 166.77727    4.74008   -3.43769   -3.39960   -7.53298   -7.74766   -4.64561   -8.94137   -5.44949 2127.98692 1866.98659 1600.01260 1344.98634 1115.99133  879.00765  668.99875  509.99235  392.98828  315.00087  252.00101  222.00004  219.00572  216.02126  209.99911    0.01461   -0.01513  -35.26253  489.03879 
 166.78900    4.76393   -3.44286   -3.40217   -7.53493   -7.75404   -4.63613   -8.93833   -5.45061 2128.00037 1867.00112 1599.99779 1345.00032 1116.00262  878.99794  668.99442  510.00508  392.99742  314.99416  251.99573  222.00728  218.99652  215.99521  210.00407    0.01653   -0.00317  -35.24861  498.15332 
 166.78281    4.76023   -3.44718   -3.40026   -7.52865   -7.76004   -4.64118   -8.94090   -5.45093 2127.99920 1867.00249 1599.99745 1344.99849 1116.00126  879.00032  668.99981  509.99972  392.99841  314.99860  252.00088  222.00440  218.99680  215.99932  210.00180    0.01116   -0.00101  -35.24761  497.41995 
 166.78817    4.76404   -3.45399   -3.39686   -7.52966   -7.76000   -4.64250   -8.93224   -5.45511 2128.00215 1867.00278 1600.00428 1344.99571 1116.00409  878.99841  668.99975  509.99652  393.00110  314.99982  251.99607  222.00264  218.99679  215.99326  210.00385    0.01357    0.00310  -35.24493  499.42711 
 166.78841    4.75777   -3.45064   -3.40080   -7.53024   -7.76027   -4.64349   -8.93624   -5.45195 2127.99714 1867.00261 1600.00264 1344.99729 1115.99932  878.99626  668.99843  510.00071  392.99597  314.99897  251.99744  221.99801  219.00034  216.00272  210.00090    0.01154    0.00458  -35.25124  497.27880 
 166.78819    4.76361   -3.44275   -3.40339   -7.53563   -7.75417   -4.63761   -8.93768   -5.45027 2128.00039 1867.00088 1599.99851 1345.00047 1116.00408  878.99796  668.99482  510.00512  392.99857  314.99455  251.99678  222.00792  218.99689  215.99717  210.00319    0.01683   -0.00140  -35.24604  498.22756 
 166.78961    4.76060   -3.44806   -3.39510   -7.53324   -7.75845   -4.63975   -8.93444   -5.44755 2127.99956 1866.99968 1599.99806 1344.99586 1116.00023  879.00191  668.99761  510.00208  392.99694  315.00761  251.99902  221.99713  218.99507  216.00022  210.00376    0.01126    0.00114  -35.25079  496.91941 
 166.78472    4.75879   -3.45119   -3.40114   -7.53044   -7.76107   -4.63973   -8.94101   -5.45122 2127.99800 1866.99829 1600.00183 1345.00183 1116.00004  878.99947  668.99804  510.00301  392.99831  315.00098  252.00259  222.00058  218.99801  215.99664  210.00075    0.01201   -0.00126  -35.24671  497.71160 
 166.79818    4.77051   -3.44414   -3.40118   -7.52719   -7.74873   -4.64173   -8.94604   -5.45543 2127.99106 1867.00429 1599.99899 1344.98213 1115.99424  878.99555  669.00449  510.00725  392.99211  314.99652  251.99343  221.99572  219.00928  215.99977  209.98686    0.01516    0.00015  -35.25025  500.63772 
 166.79009    4.76003   -3.43665   -3.40433   -7.54348   -7.75630   -4.63222   -8.93543   -5.45234 2127.99829 1867.00224 1599.99743 1345.00695 1116.00219  878.99541  668.99100  510.00618  392.99517  314.99151  251.99119  222.00326  218.99657  215.99437  210.00350    0.02037    0.00178  -35.24898  495.98114 
 166.78084    4.76000   -3.45031   -3.39920   -7.52585   -7.76056   -4.64530   -8.93877   -5.44872 2128.00161 1866.99763 1600.00454 1345.00457 1116.00278  878.99532  668.99874  510.00022  393.00388  314.99579  251.99787  221.99713  218.99807  216.00290  209.99999    0.01333    0.00000  -35.24392  497.79110 
 166.78369    4.75896   -3.45151   -3.39968   -7.53392   -7.75703   -4.64082   -8.93883   -5.44621 2128.00146 1867.00252 1600.00068 1344.99852 1116.00423  878.99696  668.99193  509.99955  393.00184  315.00361  251.99609  222.00171  219.00071  215.99562  209.99676    0.01203    0.00272  -35.24571  497.62754 
 166.80601    4.74448   -3.43545   -3.41151   -7.54974   -7.73607   -4.62943   -8.94354   -5.47771 2127.97501 1866.97580 1600.01023 1344.97943 1116.02592  878.98718  668.99981  510.02221  393.00026  314.99246  251.97172  222.02857  218.96869  215.95802  210.01149    0.02087   -0.00526  -35.24921  491.49437 
 166.78309    4.75966   -3.45081   -3.40040   -7.53154   -7.75972   -4.63908   -8.93455   -5.45015 2128.00073 1867.00283 1599.99959 1344.99898 1115.99800  878.99726  669.00246  509.99909  392.99623  314.99990  252.00436  222.00229  218.99953  215.99901  210.00113    0.01169   -0.00214  -35.24845  497.82291 
 166.78545    4.76055   -3.44276   -3.39858   -7.52395   -7.76032   -4.63397   -8.94487   -5.45282 2128.00266 1867.00024 1599.99944 1345.00217 1116.00218  879.00885  668.99736  510.00140  392.99736  315.00124  252.00039  222.00315  218.99862  216.00619  209.99664    0.01365    0.00328  -35.25011  496.40762 
 166.76244    4.76201   -3.43762   -3.40340   -7.51960   -7.77261   -4.63749   -8.95199   -5.45096 2127.99480 1867.00560 1600.01180 1345.00968 1116.00305  879.01742  668.99979  509.99827  393.00138  315.00315  252.01320  222.01429  218.99092  216.00152  210.02406    0.02283    0.00588  -35.23834  496.78083 
 166.78559    4.76022   -3.45047   -3.40020   -7.52909   -7.76100   -4.63997   -8.93988   -5.45066 2128.00028 1866.99994 1600.00043 1345.00033 1116.00057  879.00051  669.00021  509.99928  392.99991  314.99991  252.00122  221.99981  219.00013  216.00056  210.00030    0.01066    0.00031  -35.24701  497.94868 
 166.78204    4.76122   -3.44200   -3.40087   -7.52344   -7.76366   -4.63541   -8.94576   -5.45217 2128.00197 1866.99732 1600.00208 1345.00293 1115.99966  879.00949  669.00140  510.00355  392.99768  314.99884  251.99827  222.00152  218.99759  216.00526  209.99888    0.01428    0.00165  -35.24990  496.86505 
 166.78506    4.76234   -3.45000   -3.40138   -7.52908   -7.76114   -4.64046   -8.94012   -5.44913 2127.99996 1867.00218 1600.00224 1344.99928 1116.00042  879.00013  669.00201  510.00057  393.00067  315.00020  251.99903  222.00125  218.99932  216.00028  209.99846    0.01155    0.00151  -35.24696  498.78740 
 166.78408    4.76096   -3.45007   -3.40038   -7.52908   -7.75920   -4.64041   -8.93793   -5.45113 2127.99987 1866.99880 1599.99970 1345.00032 1115.99851  878.99943  668.99993  510.00022  393.00070  315.00064  251.99979  221.99790  219.00049  216.00023  209.99853    0.01103    0.00133  -35.24692  498.17278 
 166.78399    4.75910   -3.45026   -3.39914   -7.53096   -7.75980   -4.63986   -8.94065   -5.44893 2128.00091 1867.00030 1599.99893 1345.00053 1116.00118  879.00004  669.00163  510.00053  393.00193  315.00061  251.99933  221.99953  219.00036  215.99971  209.99936    0.00810   -0.00012  -35.24648  497.36600 
 166.78308    4.75595   -3.45035   -3.40536   -7.53227   -7.76219   -4.64086   -8.94289   -5.45019 2127.99663 1866.99445 1599.99779 1344.99622 1116.00394  878.99204  668.99555  510.00015  393.00263  315.00217  252.00188  222.00169  218.99847  216.00425  209.99690    0.01257    0.00188  -35.25102  497.22254 
 166.78191    4.75662   -3.45381   -3.41871   -7.53849   -7.74090   -4.66910   -8.92545   -5.45281 2127.99937 1867.00099 1600.01873 1345.01485 1115.98751  878.98979  669.02076  510.00807  393.02449  315.01188  252.01893  221.97294  219.01836  215.98879  209.97689    0.01934    0.00749  -35.25740  500.51265 
 166.78738    4.75910   -3.45356   -3.39403   -7.52931   -7.76128   -4.63975   -8.93465   -5.45315 2127.99766 1866.99840 1600.00357 1345.00042 1116.00037  879.00316  668.99641  510.00356  392.99973  315.00331  252.00489  222.00499  218.99485  215.99861  210.00262    0.01330   -0.00120  -35.24971  497.17321 
 166.78883    4.76411   -3.45073   -3.39506   -7.52972   -7.76616   -4.64040   -8.94526   -5.44316 2127.99394 1866.99961 1600.00065 1345.00298 1116.00076  879.00278  669.00279  509.99824  392.99733  315.00291  251.99799  221.99966  218.99917  215.99783  210.00030    0.01393    0.00007  -35.24638  498.58841 
 166.78200    4.76296   -3.45113   -3.40072   -7.52847   -7.75915   -4.64093   -8.94133   -5.44599 2128.00095 1867.00028 1600.00198 1345.00064 1116.00170  878.99851  669.00000  509.99992  393.00337  315.00392  251.99806  221.99792  219.00295  216.00153  209.99695    0.01272   -0.00040  -35.24627  499.10879 
 166.78679    4.75948   -3.44906   -3.40020   -7.53003   -7.75948   -4.63982   -8.94030   -5.45137 2127.99846 1866.99961 1599.99887 1344.99879 1115.99899  879.00088  669.00138  509.99974  392.99935  314.99937  252.00165  221.99929  219.00036  216.00041  209.99879    0.01057   -0.00102  -35.24674  497.44834 
 166.78657    4.76224   -3.44977   -3.40086   -7.53034   -7.76044   -4.64109   -8.93971   -5.44870 2128.00001 1867.00132 1600.00156 1344.99994 1116.00047  879.00127  668.99991  510.00015  393.00276  314.99976  252.00030  221.99991  219.00058  216.00081  210.00045    0.01132    0.00274  -35.24732  498.64710 
 166.78320    4.76653   -3.45391   -3.39945   -7.53190   -7.75945   -4.64125   -8.93810   -5.45313 2127.99800 1867.00124 1600.00368 1345.00002 1115.99848  879.00244  668.99641  510.00284  392.99497  315.00316  251.99467  222.00341  219.00976  215.99684  210.00011    0.01011    0.00142  -35.24355  500.66031 
 166.78491    4.76040   -3.45072   -3.40042   -7.53043   -7.76020   -4.64080   -8.93989   -5.45091 2127.99942 1866.99992 1599.99989 1344.99968 1116.00090  879.00055  668.99958  509.99938  393.00061  314.99959  252.00037  221.99924  218.99961  215.99940  210.00038    0.01024   -0.00033  -35.24701  498.10127 
 166.78380    4.76153   -3.45067   -3.40183   -7.52857   -7.76083   -4.64050   -8.94345   -5.44550 2127.99823 1867.00175 1600.00317 1345.00123 1116.00167  878.99986  669.00047  509.99903  392.99917  315.00238  251.99801  222.00008  219.00271  216.00035  209.99955    0.01212    0.00035  -35.24658  498.68618 
 166.78513    4.75941   -3.44939   -3.40020   -7.52931   -7.75978   -4.63998   -8.94000   -5.44930 2128.00037 1866.99957 1600.00077 1344.99995 1115.99980  879.00076  668.99950  509.99978  393.00064  314.99964  251.99878  221.99973  219.00018  216.00042  210.00014    0.00861   -0.00011  -35.24738  497.48208 
 166.78454    4.76003   -3.44887   -3.39995   -7.53214   -7.75912   -4.64374   -8.94520   -5.44772 2128.00008 1867.00246 1600.00184 1345.00125 1116.00047  878.99948  669.00081  510.00139  392.99866  314.99933  251.99972  221.99827  219.00193  215.99797  210.00040    0.01223    0.00123  -35.24395  497.64210 
 166.78428    4.76033   -3.45240   -3.39895   -7.53136   -7.76005   -4.64046   -8.94132   -5.44973 2127.99920 1867.00115 1599.99952 1344.99892 1115.99983  878.99950  668.99921  510.00197  392.99819  314.99855  252.00420  222.00302  219.00060  215.99880  210.00130    0.01161    0.00172  -35.24705  498.13994 
 166.78636    4.76096   -3.45096   -3.40052   -7.52921   -7.76067   -4.63978   -8.93852   -5.44892 2128.00043 1866.99952 1600.00116 1345.00038 1115.99976  878.99864  668.99965  509.99968  392.99836  314.99959  251.99850  221.99830  218.99990  216.00002  209.99783    0.01069    0.00101  -35.24822  498.33305 
 166.79223    4.76190   -3.45447   -3.39697   -7.52008   -7.77027   -4.64782   -8.93440   -5.46558 2127.99583 1866.99725 1600.00014 1345.00634 1115.99425  878.99503  669.01008  510.00036  392.99321  314.99294  252.00478  221.99871  219.00026  216.00911  210.01304    0.01308   -0.00082  -35.24906  498.87622 
 166.78503    4.75980   -3.44838   -3.40048   -7.52917   -7.76109   -4.63938   -8.94020   -5.44807 2127.99993 1867.00031 1599.99991 1344.99957 1115.99970  878.99868  669.00001  509.99947  392.99722  315.00067  251.99900  221.99905  219.00032  216.00204  209.99814    0.01089   -0.00053  -35.24768  497.47658 
 166.78918    4.75561   -3.46799   -3.38917   -7.54501   -7.75449   -4.64184   -8.98530   -5.46686 2127.99301 1866.98145 1599.95910 1344.97359 1115.99194  879.01137  669.02584  509.99453  393.00566  314.97674  251.96897  222.02685  219.04874  215.99583  209.96123    0.05448    0.00225  -35.24423  497.67107 
 166.78314    4.76062   -3.45291   -3.40005   -7.53016   -7.76221   -4.64174   -8.94269   -5.45137 2128.00074 1867.00057 1600.00080 1344.99891 1116.00473  879.00056  668.99696  509.99671  392.99979  314.99827  252.00081  221.99771  219.00039  215.99763  210.00071    0.01075   -0.00302  -35.25146  498.50983 
