 6872.85  6609.39 1.55430e-01 5.20000e-04 5.20000e-04 1.55430e-01
 6609.39  6365.37 1.53790e-01 4.80000e-04 4.80000e-04 1.53790e-01
 6369.43  6142.51 1.53590e-01 3.20000e-04 3.20000e-04 1.53590e-01
 6142.51  5931.20 1.53260e-01 2.90000e-04 2.90000e-04 1.53260e-01
 5934.72  5737.23 1.54730e-01 2.60000e-04 2.60000e-04 1.54730e-01
 5737.23  5552.47 1.54920e-01 2.60000e-04 2.60000e-04 1.54920e-01
 5552.47  5379.24 1.54820e-01 2.30000e-04 2.30000e-04 1.54820e-01
 5379.24  5216.48 1.55600e-01 1.90000e-04 1.90000e-04 1.55600e-01
 5219.21  5065.86 1.55310e-01 1.90000e-04 1.90000e-04 1.55310e-01
 5068.42  4923.68 1.55270e-01 1.90000e-04 1.90000e-04 1.55270e-01
 4923.68  4786.98 1.53980e-01 1.90000e-04 1.90000e-04 1.53980e-01
 4786.98  4657.66 1.54560e-01 1.90000e-04 1.90000e-04 1.54560e-01
 4659.83  4537.21 1.55560e-01 1.90000e-04 1.90000e-04 1.55560e-01
 4537.21  4420.87 1.55340e-01 2.30000e-04 2.30000e-04 1.55340e-01
 4422.82  4312.20 1.55470e-01 2.30000e-04 2.30000e-04 1.55470e-01
 4312.20  4206.98 1.55110e-01 2.60000e-04 2.60000e-04 1.55110e-01
 4206.98  4106.78 1.55020e-01 2.60000e-04 2.60000e-04 1.55020e-01
 4108.46  4012.84 1.55530e-01 2.90000e-04 2.90000e-04 1.55530e-01
 3030.30  2564.10 1.54500e-01 3.00000e-04 3.00000e-04 1.54500e-01
 2500.00  2000.00 1.55700e-01 3.00000e-04 3.00000e-04 1.55700e-01
 6052.54  5990.89 1.54640e-01 5.10000e-04 5.10000e-04 1.54640e-01
 5361.36  5306.73 1.54960e-01 2.80000e-04 2.80000e-04 1.54960e-01
 6844.63  6439.15 1.56500e-01 3.30000e-04 3.30000e-04 1.56500e-01
 6439.15  6079.03 1.54000e-01 3.80000e-04 3.80000e-04 1.54000e-01
 6079.03  5757.05 1.54250e-01 2.50000e-04 2.50000e-04 1.54250e-01
 5753.74  5464.48 1.55190e-01 3.10000e-04 3.10000e-04 1.55190e-01
 5464.48  5202.91 1.55380e-01 3.10000e-04 3.10000e-04 1.55380e-01
 5202.91  4965.24 1.55190e-01 2.90000e-04 2.90000e-04 1.55190e-01
 4965.24  4748.34 1.55200e-01 1.23000e-03 1.23000e-03 1.55200e-01
 4748.34  4549.59 1.55000e-01 3.00000e-04 3.00000e-04 1.55000e-01
 4549.59  4366.81 1.55440e-01 2.80000e-04 2.80000e-04 1.55440e-01
 4366.81  4198.15 1.55130e-01 3.00000e-04 3.00000e-04 1.55130e-01
 4196.39  4040.40 1.55190e-01 3.70000e-04 3.70000e-04 1.55190e-01
16556.29 16260.16 1.56170e-01 3.60000e-04 3.60000e-04 1.56170e-01
16260.16 15974.44 1.56000e-01 2.65000e-04 2.65000e-04 1.56000e-01
15974.44 15673.98 1.56100e-01 1.20000e-04 1.20000e-04 1.56100e-01
15384.62 14285.71 1.55850e-01 1.10000e-04 1.10000e-04 1.55850e-01
14285.71 13333.33 1.55720e-01 1.10000e-04 1.10000e-04 1.55720e-01
13333.33 12500.00 1.55860e-01 1.20000e-04 1.20000e-04 1.55860e-01
12500.00 11764.71 1.55520e-01 1.20000e-04 1.20000e-04 1.55520e-01
11764.71 11111.11 1.55530e-01 1.30000e-04 1.30000e-04 1.55530e-01
11111.11 10526.32 1.55460e-01 1.30000e-04 1.30000e-04 1.55460e-01
10526.32 10000.00 1.55520e-01 1.60000e-04 1.60000e-04 1.55520e-01
10000.00  8547.01 1.55120e-01 2.20000e-04 2.20000e-04 1.55120e-01
 6896.55  5714.29 1.54760e-01 2.50000e-04 2.50000e-04 1.54760e-01
 5714.29  4761.90 1.54640e-01 2.20000e-04 2.20000e-04 1.54640e-01
 4761.90  4000.00 1.54470e-01 2.70000e-04 2.70000e-04 1.54470e-01
 3125.00  2564.10 1.55070e-01 2.70000e-04 2.70000e-04 1.55070e-01
 2500.00  2000.00 1.55420e-01 3.50000e-04 3.50000e-04 1.55420e-01
 2000.00  1515.15 1.55760e-01 6.70000e-04 6.70000e-04 1.55760e-01
10632.64 10251.15 1.56420e-01 2.80000e-04 2.80000e-04 1.56420e-01
10256.41  9891.20 1.55430e-01 3.60000e-04 3.60000e-04 1.55430e-01
 9905.89  9537.43 1.55110e-01 3.30000e-04 3.30000e-04 1.55110e-01
 9546.54  9186.95 1.56220e-01 2.30000e-04 2.30000e-04 1.56220e-01
 9220.84  8822.23 1.57960e-01 4.00000e-04 4.00000e-04 1.57960e-01
 8826.13  8453.09 1.57420e-01 4.20000e-04 4.20000e-04 1.57420e-01
 8510.64  8190.01 1.57180e-01 3.70000e-04 3.70000e-04 1.57180e-01
 8200.08  7883.33 1.56540e-01 2.50000e-04 2.50000e-04 1.56540e-01
 7886.44  7587.25 1.56170e-01 3.00000e-04 3.00000e-04 1.56170e-01
 7007.71  6706.91 1.57190e-01 6.30000e-04 6.30000e-04 1.57190e-01
 6697.92  6439.15 1.56090e-01 4.60000e-04 4.60000e-04 1.56090e-01
 6441.22  6197.71 1.54850e-01 4.30000e-04 4.30000e-04 1.54850e-01
 6195.79  5973.72 1.54640e-01 3.80000e-04 3.80000e-04 1.54640e-01
 5955.93  5783.69 1.55060e-01 3.20000e-04 3.20000e-04 1.55060e-01
 5783.69  5621.14 1.55180e-01 4.10000e-04 4.10000e-04 1.55180e-01
 4903.16  4715.87 1.54560e-01 3.90000e-04 3.90000e-04 1.54560e-01
 4715.87  4542.36 1.55760e-01 3.20000e-04 3.20000e-04 1.55760e-01
 4542.36  4381.16 1.55340e-01 3.80000e-04 3.80000e-04 1.55340e-01
 4369.67  4241.78 1.55500e-01 3.70000e-04 3.70000e-04 1.55500e-01
 4241.78  4121.16 1.55380e-01 3.40000e-04 3.40000e-04 1.55380e-01
 8940.55  8792.75 1.55760e-01 2.30000e-04 2.30000e-04 1.55760e-01
 8792.75  8649.77 1.56040e-01 2.10000e-04 2.10000e-04 1.56040e-01
 8649.77  8511.36 1.56130e-01 3.40000e-04 3.40000e-04 1.56130e-01
 8511.36  8377.31 1.56000e-01 2.80000e-04 2.80000e-04 1.56000e-01
 8377.31  8247.42 1.55760e-01 2.60000e-04 2.60000e-04 1.55760e-01
 8248.10  8122.16 1.55740e-01 2.20000e-04 2.20000e-04 1.55740e-01
 8122.16  8000.00 1.55510e-01 1.80000e-04 1.80000e-04 1.55510e-01
 8000.00  7881.46 1.55890e-01 2.00000e-04 2.00000e-04 1.55890e-01
 7881.46  7766.39 1.55440e-01 2.00000e-04 2.00000e-04 1.55440e-01
 7766.39  7654.62 1.55840e-01 2.20000e-04 2.20000e-04 1.55840e-01
 7655.21  7546.60 1.55760e-01 1.90000e-04 1.90000e-04 1.55760e-01
 7546.60  7441.03 1.55830e-01 2.10000e-04 2.10000e-04 1.55830e-01
 7441.03  7338.37 1.56310e-01 1.80000e-04 1.80000e-04 1.56310e-01
 7338.37  7238.51 1.56360e-01 2.00000e-04 2.00000e-04 1.56360e-01
 7238.51  7141.33 1.56180e-01 2.00000e-04 2.00000e-04 1.56180e-01
 7141.84  7047.22 1.56570e-01 2.50000e-04 2.50000e-04 1.56570e-01
 7047.22  6955.07 1.56520e-01 2.10000e-04 2.10000e-04 1.56520e-01
 6955.07  6865.30 1.56230e-01 2.30000e-04 2.30000e-04 1.56230e-01
 6865.30  6777.82 1.55940e-01 2.10000e-04 2.10000e-04 1.55940e-01
 6778.28  6692.99 1.56490e-01 2.40000e-04 2.40000e-04 1.56490e-01
 6692.99  6609.82 1.55700e-01 2.00000e-04 2.00000e-04 1.55700e-01
 6609.82  6528.69 1.56200e-01 2.00000e-04 2.00000e-04 1.56200e-01
 6528.69  6449.53 1.55890e-01 2.00000e-04 2.00000e-04 1.55890e-01
 6449.53  6372.27 1.55920e-01 2.30000e-04 2.30000e-04 1.55920e-01
 6372.67  6297.23 1.56200e-01 2.80000e-04 2.80000e-04 1.56200e-01
 6297.23  6223.55 1.55770e-01 2.40000e-04 2.40000e-04 1.55770e-01
 6223.55  6151.57 1.55610e-01 3.10000e-04 3.10000e-04 1.55610e-01
 6151.57  6081.25 1.56080e-01 2.70000e-04 2.70000e-04 1.56080e-01
