10032.31  9917.82 1.47671e-08 7.65635e-10 7.65635e-10 1.47671e-08
 9917.82  9804.10 1.87395e-08 4.13595e-10 4.13595e-10 1.87395e-08
 9804.10  9691.89 2.57867e-08 4.73192e-10 4.73192e-10 2.57867e-08
 9691.89  9581.20 2.98472e-08 9.49750e-10 9.49750e-10 2.98472e-08
 9581.20  9472.11 3.38415e-08 1.41777e-09 1.41777e-09 3.38415e-08
 9472.11  9364.61 3.86863e-08 1.27209e-09 1.27209e-09 3.86863e-08
 9364.61  9258.70 4.18633e-08 1.85084e-09 1.85084e-09 4.18633e-08
 9258.70  9154.41 4.04591e-08 1.29135e-09 1.29135e-09 4.04591e-08
 9154.41  9051.78 1.97144e-08 1.63989e-09 1.63989e-09 1.97144e-08
 9051.78  8950.87 8.33164e-09 1.20372e-10 1.20372e-10 8.33164e-09
 8950.87  8851.63 5.09986e-09 6.85895e-10 6.85895e-10 5.09986e-09
 8851.63  8754.07 5.24938e-09 5.33584e-10 5.33584e-10 5.24938e-09
 8754.07  8658.19 3.90469e-09 8.74440e-10 8.74440e-10 3.90469e-09
 8658.19  8563.99 3.62119e-09 4.23824e-10 4.23824e-10 3.62119e-09
 8563.99  8471.45 4.80496e-09 5.31353e-10 5.31353e-10 4.80496e-09
 8471.45  8380.61 9.33149e-09 2.84511e-10 2.84511e-10 9.33149e-09
 8380.61  8291.46 1.61604e-08 3.77619e-10 3.77619e-10 1.61604e-08
 8291.46  8203.94 2.44147e-08 8.20120e-10 8.20120e-10 2.44147e-08
 8203.94  8118.09 3.41852e-08 1.18748e-09 1.18748e-09 3.41852e-08
 8118.09  8033.89 4.37131e-08 5.44141e-10 5.44141e-10 4.37131e-08
 8033.89  7951.30 5.40339e-08 8.76116e-10 8.76116e-10 5.40339e-08
 7951.30  7870.32 6.49518e-08 1.33044e-09 1.33044e-09 6.49518e-08
 7870.32  7790.91 6.42521e-08 1.20423e-09 1.20423e-09 6.42521e-08
 7790.91  7713.06 5.01514e-08 1.77537e-09 1.77537e-09 5.01514e-08
 7713.06  7636.78 3.74316e-08 1.81830e-09 1.81830e-09 3.74316e-08
 7636.78  7561.99 2.80919e-08 4.76144e-10 4.76144e-10 2.80919e-08
 7561.99  7488.71 1.31136e-08 6.44414e-10 6.44414e-10 1.31136e-08
 7488.71  7416.92 1.19664e-09 4.67594e-10 4.67594e-10 1.19664e-09
 7416.92  7346.57 4.29111e-10 9.60304e-11 9.60304e-11 4.29111e-10
 7346.57  7277.65 2.78394e-10 6.24057e-10 6.24057e-10 2.78394e-10
 7277.65  7210.14 -8.24099e-10 7.57722e-10 7.57722e-10 -8.24099e-10
 7210.14  7144.00 7.39026e-10 8.91387e-10 8.91387e-10 7.39026e-10
 7144.00  7079.21 -1.35160e-09 4.45693e-10 4.45693e-10 -1.35160e-09
 7079.21  7015.76 -7.62143e-11 3.93607e-10 3.93607e-10 -7.62143e-11
 7015.76  6953.59 1.76532e-10 3.41521e-10 3.41521e-10 1.76532e-10
 6953.59  6892.69 1.75630e-09 3.08165e-10 3.08165e-10 1.75630e-09
 6892.69  6833.04 3.25781e-09 2.93224e-10 2.93224e-10 3.25781e-09
 6833.04  6774.59 3.01695e-09 7.85658e-10 7.85658e-10 3.01695e-09
 6774.59  6717.37 4.07644e-09 1.74701e-10 1.74701e-10 4.07644e-09
 6717.37  6661.30 3.76866e-09 5.74981e-10 5.74981e-10 3.76866e-09
 6661.30  6606.35 6.00278e-09 1.29560e-09 1.29560e-09 6.00278e-09
 6606.35  6552.52 7.45214e-09 1.33824e-09 1.33824e-09 7.45214e-09
 6552.52  6499.79 1.26249e-08 8.06273e-10 8.06273e-10 1.26249e-08
 6499.79  6448.12 1.86964e-08 8.08470e-10 8.08470e-10 1.86964e-08
 6448.12  6397.48 2.11061e-08 7.14585e-10 7.14585e-10 2.11061e-08
 6397.48  6347.85 2.79490e-08 7.07201e-10 7.07201e-10 2.79490e-08
 6347.85  6299.21 3.01095e-08 8.31236e-10 8.31236e-10 3.01095e-08
 6299.21  6251.53 2.76649e-08 1.78672e-09 1.78672e-09 2.76649e-08
 6251.53  6204.77 1.77905e-08 3.90628e-10 3.90628e-10 1.77905e-08
 6204.77  6158.93 6.35952e-09 2.45188e-10 2.45188e-10 6.35952e-09
 6158.93  6114.01 4.92165e-09 1.53707e-09 1.53707e-09 4.92165e-09
 6114.01  6069.94 4.72304e-09 2.88821e-10 2.88821e-10 4.72304e-09
 6069.94  6026.70 5.76192e-09 6.29583e-10 6.29583e-10 5.76192e-09
 6026.70  5984.30 3.84395e-09 6.83100e-10 6.83100e-10 3.84395e-09
 5984.30  5942.71 2.88351e-09 3.33760e-10 3.33760e-10 2.88351e-09
 5942.71  5901.88 4.57684e-09 4.46020e-10 4.46020e-10 4.57684e-09
 5901.88  5861.82 3.69674e-09 2.33434e-10 2.33434e-10 3.69674e-09
 5861.82  5822.48 2.73070e-09 2.28454e-10 2.28454e-10 2.73070e-09
 5822.48  5783.87 3.65722e-09 6.33421e-10 6.33421e-10 3.65722e-09
 5783.87  5745.97 3.36174e-09 4.06046e-10 4.06046e-10 3.36174e-09
 5745.97  5708.73 2.76398e-09 2.18293e-10 2.18293e-10 2.76398e-09
 5708.73  5672.18 2.50710e-09 6.44097e-10 6.44097e-10 2.50710e-09
 5672.18  5636.26 3.46843e-09 3.02676e-10 3.02676e-10 3.46843e-09
 5636.26  5600.96 1.26430e-09 8.10762e-10 8.10762e-10 1.26430e-09
 5600.96  5566.29 1.11166e-09 3.29067e-10 3.29067e-10 1.11166e-09
 5566.29  5532.20 1.10802e-09 9.55147e-10 9.55147e-10 1.10802e-09
 5532.20  5498.69 5.54391e-10 1.32953e-10 1.32953e-10 5.54391e-10
 5498.69  5465.75 2.22562e-09 8.96660e-10 8.96660e-10 2.22562e-09
 5465.75  5433.35 1.79056e-09 1.23270e-09 1.23270e-09 1.79056e-09
 5433.35  5401.50 2.20542e-09 2.23043e-09 2.23043e-09 2.20542e-09
 5401.50  5370.15 1.42888e-09 1.07458e-09 1.07458e-09 1.42888e-09
 5370.15  5339.30 2.38338e-10 2.22484e-10 2.22484e-10 2.38338e-10
 5339.30  5308.94 -7.95052e-10 5.94605e-10 5.94605e-10 -7.95052e-10
 5308.94  5279.08 2.22000e-09 9.66726e-10 9.66726e-10 2.22000e-09
 5279.08  5249.67 3.05997e-09 3.68962e-10 3.68962e-10 3.05997e-09
 5249.67  5220.72 2.12420e-09 8.81273e-10 8.81273e-10 2.12420e-09
 5220.72  5192.21 3.06425e-09 4.96302e-10 4.96302e-10 3.06425e-09
 5192.21  5164.14 5.33005e-10 9.30483e-10 9.30483e-10 5.33005e-10
 5164.14  5136.49 9.38183e-10 1.24839e-10 1.24839e-10 9.38183e-10
 5136.49  5109.25 1.09535e-09 5.83417e-10 5.83417e-10 1.09535e-09
 5109.25  5082.39 1.69791e-09 4.35559e-10 4.35559e-10 1.69791e-09
 5082.39  5055.94 2.22026e-09 4.09360e-10 4.09360e-10 2.22026e-09
 5055.94  5029.87 2.15403e-09 3.03132e-10 3.03132e-10 2.15403e-09
 5029.87  5004.19 3.02988e-09 1.40512e-10 1.40512e-10 3.02988e-09
 5004.19  4978.86 1.59185e-09 2.85639e-10 2.85639e-10 1.59185e-09
 4978.86  4953.89 3.96875e-09 5.16938e-10 5.16938e-10 3.96875e-09
 4953.89  4929.27 5.14891e-09 6.04292e-10 6.04292e-10 5.14891e-09
 4929.27  4904.98 5.28563e-09 2.29307e-10 2.29307e-10 5.28563e-09
 4904.98  4881.03 6.24379e-09 7.38124e-10 7.38124e-10 6.24379e-09
 4881.03  4857.43 5.25445e-09 4.74606e-10 4.74606e-10 5.25445e-09
 4857.43  4834.14 7.30629e-09 1.72161e-10 1.72161e-10 7.30629e-09
 4834.14  4811.17 7.90604e-09 2.69984e-10 2.69984e-10 7.90604e-09
 4811.17  4788.50 6.57229e-09 5.06057e-10 5.06057e-10 6.57229e-09
 4788.50  4766.13 6.55073e-09 4.55872e-10 4.55872e-10 6.55073e-09
 4766.13  4744.07 6.52096e-09 3.77421e-10 3.77421e-10 6.52096e-09
 4744.07  4722.31 6.22293e-09 5.43908e-10 5.43908e-10 6.22293e-09
 4722.31  4700.83 5.02765e-09 5.82634e-10 5.82634e-10 5.02765e-09
 4700.83  4679.65 5.47560e-09 3.02274e-10 3.02274e-10 5.47560e-09
 4679.65  4658.74 4.85485e-09 2.20927e-10 2.20927e-10 4.85485e-09
 4658.74  4638.10 3.87442e-09 4.39169e-10 4.39169e-10 3.87442e-09
 4638.10  4617.74 3.05260e-09 3.15786e-10 3.15786e-10 3.05260e-09
 4617.74  4597.65 3.41523e-09 2.82197e-10 2.82197e-10 3.41523e-09
 4597.65  4577.82 2.56863e-09 2.74889e-10 2.74889e-10 2.56863e-09
 4577.82  4558.26 2.26302e-09 4.26402e-10 4.26402e-10 2.26302e-09
 4558.26  4538.94 1.23581e-09 4.10077e-10 4.10077e-10 1.23581e-09
 4538.94  4519.89 -1.61375e-10 3.75277e-10 3.75277e-10 -1.61375e-10
 4519.89  4501.08 9.31761e-10 3.40477e-10 3.40477e-10 9.31761e-10
 4501.08  4482.52 8.30415e-10 3.96091e-10 3.96091e-10 8.30415e-10
 4482.52  4464.21 8.71997e-10 9.39396e-11 9.39396e-11 8.71997e-10
 4464.21  4446.13 2.41117e-10 1.69427e-10 1.69427e-10 2.41117e-10
 4446.13  4428.28 -9.34093e-11 1.41109e-10 1.41109e-10 -9.34093e-11
 4428.28  4410.68 7.33506e-11 1.12790e-10 1.12790e-10 7.33506e-11
 4410.68  4393.30 5.59592e-10 4.47166e-10 4.47166e-10 5.59592e-10
 4393.30  4376.15 4.15351e-10 2.25131e-10 2.25131e-10 4.15351e-10
 4376.15  4359.22 -7.07869e-10 1.86641e-10 1.86641e-10 -7.07869e-10
 4359.22  4342.52 1.65249e-10 1.48151e-10 1.48151e-10 1.65249e-10
 4342.52  4326.02 8.95389e-10 1.53472e-10 1.53472e-10 8.95389e-10
 4326.02  4309.74 1.59368e-10 8.08664e-10 8.08664e-10 1.59368e-10
 4309.74  4293.66 2.88192e-10 2.49599e-10 2.49599e-10 2.88192e-10
 4293.66  4277.78 4.80867e-10 4.53238e-10 4.53238e-10 4.80867e-10
 4277.78  4262.10 -6.07479e-10 4.15577e-10 4.15577e-10 -6.07479e-10
 4262.10  4246.61 1.91988e-10 3.77916e-10 3.77916e-10 1.91988e-10
 4246.61  4231.30 5.93791e-10 7.27482e-10 7.27482e-10 5.93791e-10
 4231.30  4216.18 -6.27508e-10 7.00700e-10 7.00700e-10 -6.27508e-10
 4216.18  4201.23 6.03542e-10 6.73918e-10 6.73918e-10 6.03542e-10
 4201.23  4186.45 -2.75613e-10 3.36959e-10 3.36959e-10 -2.75613e-10
 4186.45  4171.83 -4.14025e-10 3.31460e-10 3.31460e-10 -4.14025e-10
 4171.83  4157.38 3.28080e-10 3.25961e-10 3.25961e-10 3.28080e-10
 4157.38  4143.06 -7.47857e-10 2.45920e-10 2.45920e-10 -7.47857e-10
 4143.06  4128.89 4.35250e-10 1.65880e-10 1.65880e-10 4.35250e-10
 4128.89  4114.85 1.33251e-09 6.05136e-10 6.05136e-10 1.33251e-09
 4114.85  4100.93 -7.08004e-11 8.27846e-10 8.27846e-10 -7.08004e-11
 4100.93  4087.12 2.54420e-11 1.05056e-09 1.05056e-09 2.54420e-11
 4087.12  4073.41 -5.81863e-10 5.25278e-10 5.25278e-10 -5.81863e-10
 4073.41  4059.80 -1.12125e-09 1.04950e-09 1.04950e-09 -1.12125e-09
 4059.80  4046.27 9.81768e-10 1.57371e-09 1.57371e-09 9.81768e-10
 4046.27  4032.80 1.93298e-09 1.36652e-09 1.36652e-09 1.93298e-09
 4032.80  4019.38 7.27535e-10 5.00595e-10 5.00595e-10 7.27535e-10
 4019.38  4006.01 1.20067e-09 1.41206e-09 1.41206e-09 1.20067e-09
