10032.31  9917.82 1.70801e-08 0.0 0.0 1.70801e-08
 9917.82  9804.10 1.96924e-08 0.0 0.0 1.96924e-08
 9804.10  9691.89 2.29387e-08 0.0 0.0 2.29387e-08
 9691.89  9581.20 3.00536e-08 0.0 0.0 3.00536e-08
 9581.20  9472.11 3.23115e-08 0.0 0.0 3.23115e-08
 9472.11  9364.61 3.63922e-08 0.0 0.0 3.63922e-08
 9364.61  9258.70 3.81394e-08 0.0 0.0 3.81394e-08
 9258.70  9154.41 3.61531e-08 0.0 0.0 3.61531e-08
 9154.41  9051.78 2.36775e-08 0.0 0.0 2.36775e-08
 9051.78  8950.87 3.24786e-09 0.0 0.0 3.24786e-09
 8950.87  8851.63 6.98561e-09 0.0 0.0 6.98561e-09
 8851.63  8754.07 1.61936e-09 0.0 0.0 1.61936e-09
 8754.07  8658.19 7.98517e-09 0.0 0.0 7.98517e-09
 8658.19  8563.99 2.65349e-09 0.0 0.0 2.65349e-09
 8563.99  8471.45 4.75676e-10 0.0 0.0 4.75676e-10
 8471.45  8380.61 1.17220e-08 0.0 0.0 1.17220e-08
 8380.61  8291.46 1.78540e-08 0.0 0.0 1.78540e-08
 8291.46  8203.94 2.84646e-08 0.0 0.0 2.84646e-08
 8203.94  8118.09 3.65097e-08 0.0 0.0 3.65097e-08
 8118.09  8033.89 4.50246e-08 0.0 0.0 4.50246e-08
 8033.89  7951.30 4.99877e-08 0.0 0.0 4.99877e-08
 7951.30  7870.32 6.65413e-08 0.0 0.0 6.65413e-08
 7870.32  7790.91 5.52803e-08 0.0 0.0 5.52803e-08
 7790.91  7713.06 4.62062e-08 0.0 0.0 4.62062e-08
 7713.06  7636.78 3.65964e-08 0.0 0.0 3.65964e-08
 7636.78  7561.99 2.32257e-08 0.0 0.0 2.32257e-08
 7561.99  7488.71 1.32015e-08 0.0 0.0 1.32015e-08
 7488.71  7416.92 6.89039e-10 0.0 0.0 6.89039e-10
 7416.92  7346.57 8.31023e-13 0.0 0.0 8.31023e-13
 7346.57  7277.65 2.43120e-10 0.0 0.0 2.43120e-10
 7277.65  7210.14 3.42883e-10 0.0 0.0 3.42883e-10
 7210.14  7144.00 2.14392e-09 0.0 0.0 2.14392e-09
 7144.00  7079.21 4.71676e-10 0.0 0.0 4.71676e-10
 7079.21  7015.76 7.02371e-13 0.0 0.0 7.02371e-13
 7015.76  6953.59 9.15895e-10 0.0 0.0 9.15895e-10
 6953.59  6892.69 2.08515e-11 0.0 0.0 2.08515e-11
 6892.69  6833.04 3.30010e-09 0.0 0.0 3.30010e-09
 6833.04  6774.59 3.61041e-09 0.0 0.0 3.61041e-09
 6774.59  6717.37 5.12299e-09 0.0 0.0 5.12299e-09
 6717.37  6661.30 7.07219e-09 0.0 0.0 7.07219e-09
 6661.30  6606.35 6.71757e-09 0.0 0.0 6.71757e-09
 6606.35  6552.52 4.85989e-09 0.0 0.0 4.85989e-09
 6552.52  6499.79 1.42885e-08 0.0 0.0 1.42885e-08
 6499.79  6448.12 1.91276e-08 0.0 0.0 1.91276e-08
 6448.12  6397.48 1.75910e-08 0.0 0.0 1.75910e-08
 6397.48  6347.85 2.55617e-08 0.0 0.0 2.55617e-08
 6347.85  6299.21 2.82714e-08 0.0 0.0 2.82714e-08
 6299.21  6251.53 2.78966e-08 0.0 0.0 2.78966e-08
 6251.53  6204.77 1.65910e-08 0.0 0.0 1.65910e-08
 6204.77  6158.93 8.01979e-09 0.0 0.0 8.01979e-09
 6158.93  6114.01 4.72644e-09 0.0 0.0 4.72644e-09
 6114.01  6069.94 5.75224e-09 0.0 0.0 5.75224e-09
 6069.94  6026.70 4.89963e-09 0.0 0.0 4.89963e-09
 6026.70  5984.30 5.56028e-09 0.0 0.0 5.56028e-09
 5984.30  5942.71 4.17677e-09 0.0 0.0 4.17677e-09
 5942.71  5901.88 3.95815e-09 0.0 0.0 3.95815e-09
 5901.88  5861.82 2.86873e-09 0.0 0.0 2.86873e-09
 5861.82  5822.48 6.01743e-09 0.0 0.0 6.01743e-09
 5822.48  5783.87 5.10999e-09 0.0 0.0 5.10999e-09
 5783.87  5745.97 1.25590e-09 0.0 0.0 1.25590e-09
 5745.97  5708.73 4.73234e-09 0.0 0.0 4.73234e-09
 5708.73  5672.18 4.36717e-09 0.0 0.0 4.36717e-09
 5672.18  5636.26 2.37336e-09 0.0 0.0 2.37336e-09
 5636.26  5600.96 1.87607e-09 0.0 0.0 1.87607e-09
 5600.96  5566.29 1.36299e-09 0.0 0.0 1.36299e-09
 5566.29  5532.20 1.02748e-09 0.0 0.0 1.02748e-09
 5532.20  5498.69 1.50448e-09 0.0 0.0 1.50448e-09
 5498.69  5465.75 4.89234e-09 0.0 0.0 4.89234e-09
 5465.75  5433.35 2.32505e-10 0.0 0.0 2.32505e-10
 5433.35  5401.50 3.80434e-09 0.0 0.0 3.80434e-09
 5401.50  5370.15 9.71124e-12 0.0 0.0 9.71124e-12
 5370.15  5339.30 9.86046e-11 0.0 0.0 9.86046e-11
 5339.30  5308.94 1.54382e-09 0.0 0.0 1.54382e-09
 5308.94  5279.08 9.45665e-10 0.0 0.0 9.45665e-10
 5279.08  5249.67 8.38120e-10 0.0 0.0 8.38120e-10
 5249.67  5220.72 4.41088e-09 0.0 0.0 4.41088e-09
 5220.72  5192.21 4.29016e-12 0.0 0.0 4.29016e-12
 5192.21  5164.14 3.19522e-10 0.0 0.0 3.19522e-10
 5164.14  5136.49 4.77222e-10 0.0 0.0 4.77222e-10
 5136.49  5109.25 7.98296e-10 0.0 0.0 7.98296e-10
 5109.25  5082.39 1.52678e-09 0.0 0.0 1.52678e-09
 5082.39  5055.94 4.81190e-09 0.0 0.0 4.81190e-09
 5055.94  5029.87 2.21118e-09 0.0 0.0 2.21118e-09
 5029.87  5004.19 1.64064e-09 0.0 0.0 1.64064e-09
 5004.19  4978.86 4.08171e-09 0.0 0.0 4.08171e-09
 4978.86  4953.89 2.24420e-09 0.0 0.0 2.24420e-09
 4953.89  4929.27 5.25635e-09 0.0 0.0 5.25635e-09
 4929.27  4904.98 3.82582e-09 0.0 0.0 3.82582e-09
 4904.98  4881.03 4.56214e-09 0.0 0.0 4.56214e-09
 4881.03  4857.43 2.43701e-09 0.0 0.0 2.43701e-09
 4857.43  4834.14 5.74224e-09 0.0 0.0 5.74224e-09
 4834.14  4811.17 6.68232e-09 0.0 0.0 6.68232e-09
 4811.17  4788.50 6.33962e-09 0.0 0.0 6.33962e-09
 4788.50  4766.13 6.78813e-09 0.0 0.0 6.78813e-09
 4766.13  4744.07 6.77109e-09 0.0 0.0 6.77109e-09
 4744.07  4722.31 6.06954e-09 0.0 0.0 6.06954e-09
 4722.31  4700.83 6.16381e-09 0.0 0.0 6.16381e-09
 4700.83  4679.65 2.50419e-09 0.0 0.0 2.50419e-09
 4679.65  4658.74 5.19490e-09 0.0 0.0 5.19490e-09
 4658.74  4638.10 4.89384e-09 0.0 0.0 4.89384e-09
 4638.10  4617.74 2.18501e-09 0.0 0.0 2.18501e-09
 4617.74  4597.65 3.68725e-10 0.0 0.0 3.68725e-10
 4597.65  4577.82 3.27624e-09 0.0 0.0 3.27624e-09
 4577.82  4558.26 1.40594e-09 0.0 0.0 1.40594e-09
 4558.26  4538.94 2.41071e-10 0.0 0.0 2.41071e-10
 4538.94  4519.89 6.00960e-10 0.0 0.0 6.00960e-10
 4519.89  4501.08 4.43820e-10 0.0 0.0 4.43820e-10
 4501.08  4482.52 6.47176e-10 0.0 0.0 6.47176e-10
 4482.52  4464.21 3.03033e-10 0.0 0.0 3.03033e-10
 4464.21  4446.13 3.93444e-10 0.0 0.0 3.93444e-10
 4446.13  4428.28 5.17351e-11 0.0 0.0 5.17351e-11
 4428.28  4410.68 1.11767e-10 0.0 0.0 1.11767e-10
 4410.68  4393.30 3.44962e-10 0.0 0.0 3.44962e-10
 4393.30  4376.15 4.78074e-11 0.0 0.0 4.78074e-11
 4376.15  4359.22 1.68725e-10 0.0 0.0 1.68725e-10
 4359.22  4342.52 2.49256e-12 0.0 0.0 2.49256e-12
 4342.52  4326.02 4.12231e-10 0.0 0.0 4.12231e-10
 4326.02  4309.74 6.92327e-11 0.0 0.0 6.92327e-11
 4309.74  4293.66 2.43885e-10 0.0 0.0 2.43885e-10
 4293.66  4277.78 2.33908e-10 0.0 0.0 2.33908e-10
 4277.78  4262.10 4.60772e-10 0.0 0.0 4.60772e-10
 4262.10  4246.61 8.23364e-11 0.0 0.0 8.23364e-11
 4246.61  4231.30 1.89389e-10 0.0 0.0 1.89389e-10
 4231.30  4216.18 2.63723e-10 0.0 0.0 2.63723e-10
 4216.18  4201.23 9.00583e-11 0.0 0.0 9.00583e-11
 4201.23  4186.45 3.04352e-10 0.0 0.0 3.04352e-10
 4186.45  4171.83 2.12943e-10 0.0 0.0 2.12943e-10
 4171.83  4157.38 2.72916e-10 0.0 0.0 2.72916e-10
 4157.38  4143.06 5.12117e-11 0.0 0.0 5.12117e-11
 4143.06  4128.89 3.90155e-11 0.0 0.0 3.90155e-11
 4128.89  4114.85 9.58823e-10 0.0 0.0 9.58823e-10
 4114.85  4100.93 7.61686e-10 0.0 0.0 7.61686e-10
 4100.93  4087.12 1.01451e-09 0.0 0.0 1.01451e-09
 4087.12  4073.41 1.54220e-09 0.0 0.0 1.54220e-09
 4073.41  4059.80 1.78482e-09 0.0 0.0 1.78482e-09
 4059.80  4046.27 1.49324e-09 0.0 0.0 1.49324e-09
 4046.27  4032.80 1.63329e-09 0.0 0.0 1.63329e-09
 4032.80  4019.38 1.29546e-09 0.0 0.0 1.29546e-09
 4019.38  4006.01 1.32328e-09 0.0 0.0 1.32328e-09
