 2.87022  2.87421 1.77217e-10 3.28718e-12 3.28718e-12 1.77217e-10
 2.87421  2.87820 2.49810e-10 5.40679e-12 5.40679e-12 2.49810e-10
 2.87820  2.88219 2.57089e-10 5.20397e-12 5.20397e-12 2.57089e-10
 2.88219  2.88618 2.45939e-10 5.46783e-12 5.46783e-12 2.45939e-10
 2.88618  2.89017 2.35478e-10 5.04931e-12 5.04931e-12 2.35478e-10
 2.89017  2.89416 2.20854e-10 4.80655e-12 4.80655e-12 2.20854e-10
 2.89416  2.89815 2.59264e-10 5.64789e-12 5.64789e-12 2.59264e-10
 2.89815  2.90214 2.44550e-10 5.08048e-12 5.08048e-12 2.44550e-10
 2.90214  2.90613 2.50615e-10 5.28288e-12 5.28288e-12 2.50615e-10
 2.90613  2.91012 2.36116e-10 4.60821e-12 4.60821e-12 2.36116e-10
 2.91012  2.91411 2.43624e-10 4.99067e-12 4.99067e-12 2.43624e-10
 2.91411  2.91810 2.58667e-10 5.14750e-12 5.14750e-12 2.58667e-10
 2.91810  2.92209 2.30073e-10 5.35431e-12 5.35431e-12 2.30073e-10
 2.92209  2.92608 2.35107e-10 5.14183e-12 5.14183e-12 2.35107e-10
 2.92608  2.93007 2.42424e-10 4.52536e-12 4.52536e-12 2.42424e-10
 2.93007  2.93406 2.64778e-10 4.89817e-12 4.89817e-12 2.64778e-10
 2.93406  2.93805 2.65711e-10 5.97794e-12 5.97794e-12 2.65711e-10
 2.93805  2.94204 2.62071e-10 4.66876e-12 4.66876e-12 2.62071e-10
 2.94204  2.94603 2.57737e-10 5.41800e-12 5.41800e-12 2.57737e-10
 2.94603  2.95002 2.51647e-10 5.63524e-12 5.63524e-12 2.51647e-10
 2.95002  2.95401 2.50329e-10 5.73457e-12 5.73457e-12 2.50329e-10
 2.95401  2.95800 2.33076e-10 5.73802e-12 5.73802e-12 2.33076e-10
 2.95800  2.96199 2.53538e-10 5.36416e-12 5.36416e-12 2.53538e-10
 2.96199  2.96598 2.49288e-10 5.16835e-12 5.16835e-12 2.49288e-10
 2.96598  2.96997 2.38888e-10 4.54787e-12 4.54787e-12 2.38888e-10
 2.96997  2.97396 2.41291e-10 4.85498e-12 4.85498e-12 2.41291e-10
 2.97396  2.97795 2.50153e-10 4.95633e-12 4.95633e-12 2.50153e-10
 2.97795  2.98194 2.63769e-10 4.91688e-12 4.91688e-12 2.63769e-10
 2.98194  2.98593 2.65395e-10 4.76656e-12 4.76656e-12 2.65395e-10
 2.98593  2.98992 2.47611e-10 4.26234e-12 4.26234e-12 2.47611e-10
 2.98992  2.99391 2.59507e-10 4.47832e-12 4.47832e-12 2.59507e-10
 2.99391  2.99790 2.67894e-10 4.49788e-12 4.49788e-12 2.67894e-10
 2.99790  3.00189 2.61527e-10 4.26062e-12 4.26062e-12 2.61527e-10
 3.00189  3.00588 2.43786e-10 3.81563e-12 3.81563e-12 2.43786e-10
 3.00588  3.00987 2.25306e-10 3.42617e-12 3.42617e-12 2.25306e-10
 3.00987  3.01386 2.39984e-10 3.63040e-12 3.63040e-12 2.39984e-10
 3.01386  3.01785 2.70531e-10 3.99338e-12 3.99338e-12 2.70531e-10
 3.01785  3.02184 2.72195e-10 4.03232e-12 4.03232e-12 2.72195e-10
 3.02184  3.02583 2.59835e-10 4.09697e-12 4.09697e-12 2.59835e-10
 3.02583  3.02982 2.64716e-10 4.08208e-12 4.08208e-12 2.64716e-10
 3.02982  3.03381 2.57079e-10 3.87197e-12 3.87197e-12 2.57079e-10
 3.03381  3.03780 2.58464e-10 3.66800e-12 3.66800e-12 2.58464e-10
 3.03780  3.04179 2.72189e-10 3.17386e-12 3.17386e-12 2.72189e-10
 3.04179  3.04578 2.65329e-10 3.18109e-12 3.18109e-12 2.65329e-10
 3.04578  3.04977 2.62825e-10 3.29756e-12 3.29756e-12 2.62825e-10
 3.04977  3.05376 2.56621e-10 3.42868e-12 3.42868e-12 2.56621e-10
 3.05376  3.05775 2.68499e-10 4.01099e-12 4.01099e-12 2.68499e-10
 3.05775  3.06174 2.81912e-10 4.11188e-12 4.11188e-12 2.81912e-10
 3.06174  3.06573 2.85551e-10 4.09334e-12 4.09334e-12 2.85551e-10
 3.06573  3.06972 2.75546e-10 3.96545e-12 3.96545e-12 2.75546e-10
 3.06972  3.07371 2.57953e-10 3.75445e-12 3.75445e-12 2.57953e-10
 3.07371  3.07770 2.72810e-10 4.39769e-12 4.39769e-12 2.72810e-10
 3.07770  3.08169 2.86457e-10 3.91779e-12 3.91779e-12 2.86457e-10
 3.08169  3.08568 2.78525e-10 3.63410e-12 3.63410e-12 2.78525e-10
 3.08568  3.08967 2.79331e-10 4.17921e-12 4.17921e-12 2.79331e-10
 3.08967  3.09366 2.69089e-10 4.33747e-12 4.33747e-12 2.69089e-10
 3.09366  3.09765 2.53294e-10 4.07237e-12 4.07237e-12 2.53294e-10
 3.09765  3.10164 2.81869e-10 3.91792e-12 3.91792e-12 2.81869e-10
 3.10164  3.10563 2.90273e-10 3.65608e-12 3.65608e-12 2.90273e-10
 3.10563  3.10962 2.68711e-10 3.84912e-12 3.84912e-12 2.68711e-10
 3.10962  3.11361 2.66962e-10 4.06526e-12 4.06526e-12 2.66962e-10
 3.11361  3.11760 2.80202e-10 3.65988e-12 3.65988e-12 2.80202e-10
 3.11760  3.12159 2.79201e-10 3.97528e-12 3.97528e-12 2.79201e-10
 3.12159  3.12558 2.76783e-10 3.81402e-12 3.81402e-12 2.76783e-10
 3.12558  3.12957 2.81018e-10 3.29515e-12 3.29515e-12 2.81018e-10
 3.12957  3.13356 2.71662e-10 3.40351e-12 3.40351e-12 2.71662e-10
 3.13356  3.13755 2.83616e-10 3.44810e-12 3.44810e-12 2.83616e-10
 3.13755  3.14154 2.85685e-10 3.82464e-12 3.82464e-12 2.85685e-10
 3.14154  3.14553 2.71874e-10 3.52227e-12 3.52227e-12 2.71874e-10
 3.14553  3.14952 2.67203e-10 3.13863e-12 3.13863e-12 2.67203e-10
 3.14952  3.15351 2.68707e-10 3.14355e-12 3.14355e-12 2.68707e-10
 3.15351  3.15750 2.70504e-10 3.49399e-12 3.49399e-12 2.70504e-10
 3.15750  3.16149 2.69563e-10 2.96632e-12 2.96632e-12 2.69563e-10
 3.16149  3.16548 2.82630e-10 3.38887e-12 3.38887e-12 2.82630e-10
 3.16548  3.16947 2.75165e-10 3.98235e-12 3.98235e-12 2.75165e-10
 3.16947  3.17346 2.67855e-10 3.91388e-12 3.91388e-12 2.67855e-10
 3.17346  3.17745 2.59159e-10 3.17580e-12 3.17580e-12 2.59159e-10
 3.17745  3.18144 2.68361e-10 3.95548e-12 3.95548e-12 2.68361e-10
 3.18144  3.18543 2.63690e-10 3.52157e-12 3.52157e-12 2.63690e-10
 3.18543  3.18942 2.68328e-10 3.29208e-12 3.29208e-12 2.68328e-10
 3.18942  3.19341 2.74250e-10 3.21936e-12 3.21936e-12 2.74250e-10
 3.19341  3.19740 2.75213e-10 3.54352e-12 3.54352e-12 2.75213e-10
 3.19740  3.20139 2.80216e-10 3.79051e-12 3.79051e-12 2.80216e-10
 3.20139  3.20538 2.58295e-10 3.41249e-12 3.41249e-12 2.58295e-10
 3.20538  3.20937 2.73305e-10 3.13230e-12 3.13230e-12 2.73305e-10
 3.20937  3.21336 2.67068e-10 3.16074e-12 3.16074e-12 2.67068e-10
 3.21336  3.21735 2.68461e-10 2.87067e-12 2.87067e-12 2.68461e-10
 3.21735  3.22134 2.75684e-10 3.25499e-12 3.25499e-12 2.75684e-10
 3.22134  3.22533 2.71109e-10 3.61183e-12 3.61183e-12 2.71109e-10
 3.22533  3.22932 2.73220e-10 2.93398e-12 2.93398e-12 2.73220e-10
 3.22932  3.23331 2.67126e-10 2.95716e-12 2.95716e-12 2.67126e-10
 3.23331  3.23730 2.79245e-10 3.32444e-12 3.32444e-12 2.79245e-10
 3.23730  3.24129 2.69189e-10 3.51573e-12 3.51573e-12 2.69189e-10
 3.24129  3.24528 2.65099e-10 2.96251e-12 2.96251e-12 2.65099e-10
 3.24528  3.24927 2.84387e-10 3.47318e-12 3.47318e-12 2.84387e-10
 3.24927  3.25326 2.85849e-10 3.16390e-12 3.16390e-12 2.85849e-10
 3.25326  3.25725 2.91649e-10 2.85739e-12 2.85739e-12 2.91649e-10
 3.25725  3.26124 2.88210e-10 3.00423e-12 3.00423e-12 2.88210e-10
 3.26124  3.26523 2.89683e-10 2.83549e-12 2.83549e-12 2.89683e-10
 3.26523  3.26922 2.87382e-10 3.29362e-12 3.29362e-12 2.87382e-10
 3.26922  3.27321 2.81703e-10 3.39667e-12 3.39667e-12 2.81703e-10
 3.27321  3.27720 2.86715e-10 3.31686e-12 3.31686e-12 2.86715e-10
 3.27720  3.28119 2.84568e-10 3.43230e-12 3.43230e-12 2.84568e-10
 3.28119  3.28518 2.87839e-10 2.53130e-12 2.53130e-12 2.87839e-10
 3.28518  3.28917 2.88209e-10 2.53519e-12 2.53519e-12 2.88209e-10
 3.28917  3.29316 2.93344e-10 2.79698e-12 2.79698e-12 2.93344e-10
 3.29316  3.29715 2.88002e-10 3.31847e-12 3.31847e-12 2.88002e-10
 3.29715  3.30114 2.82806e-10 3.68045e-12 3.68045e-12 2.82806e-10
 3.30114  3.30513 2.96033e-10 3.74344e-12 3.74344e-12 2.96033e-10
 3.30513  3.30912 2.81348e-10 3.19732e-12 3.19732e-12 2.81348e-10
 3.30912  3.31311 2.77334e-10 3.47980e-12 3.47980e-12 2.77334e-10
 3.31311  3.31710 2.25530e-10 2.76167e-12 2.76167e-12 2.25530e-10
 3.31710  3.32109 2.12239e-10 2.93474e-12 2.93474e-12 2.12239e-10
 3.32109  3.32508 2.10758e-10 2.65330e-12 2.65330e-12 2.10758e-10
 3.32508  3.32907 2.09552e-10 2.87622e-12 2.87622e-12 2.09552e-10
 3.32907  3.33306 2.16893e-10 3.00708e-12 3.00708e-12 2.16893e-10
 3.33306  3.33705 2.16236e-10 3.01422e-12 3.01422e-12 2.16236e-10
 3.33705  3.34104 2.18941e-10 3.06404e-12 3.06404e-12 2.18941e-10
 3.34104  3.34503 2.37288e-10 2.91591e-12 2.91591e-12 2.37288e-10
 3.34503  3.34902 2.53515e-10 3.82515e-12 3.82515e-12 2.53515e-10
 3.34902  3.35301 2.59165e-10 3.16512e-12 3.16512e-12 2.59165e-10
 3.35301  3.35700 2.46332e-10 3.32790e-12 3.32790e-12 2.46332e-10
 3.35700  3.36099 2.56993e-10 3.54284e-12 3.54284e-12 2.56993e-10
 3.36099  3.36498 2.69033e-10 3.72165e-12 3.72165e-12 2.69033e-10
 3.36498  3.36897 2.72160e-10 3.71239e-12 3.71239e-12 2.72160e-10
 3.36897  3.37296 2.68404e-10 2.91015e-12 2.91015e-12 2.68404e-10
 3.37296  3.37695 2.85289e-10 3.04173e-12 3.04173e-12 2.85289e-10
 3.37695  3.38094 2.73272e-10 3.05567e-12 3.05567e-12 2.73272e-10
 3.38094  3.38493 2.73690e-10 2.83141e-12 2.83141e-12 2.73690e-10
 3.38493  3.38892 2.88144e-10 3.24274e-12 3.24274e-12 2.88144e-10
 3.38892  3.39291 2.90889e-10 2.83684e-12 2.83684e-12 2.90889e-10
 3.39291  3.39690 2.77635e-10 2.51982e-12 2.51982e-12 2.77635e-10
 3.39690  3.40089 2.87870e-10 2.78747e-12 2.78747e-12 2.87870e-10
 3.40089  3.40488 2.72081e-10 3.54229e-12 3.54229e-12 2.72081e-10
 3.40488  3.40887 2.84503e-10 3.71833e-12 3.71833e-12 2.84503e-10
 3.40887  3.41286 2.88998e-10 3.40063e-12 3.40063e-12 2.88998e-10
 3.41286  3.41685 2.78715e-10 3.07992e-12 3.07992e-12 2.78715e-10
 3.41685  3.42084 2.66512e-10 2.59943e-12 2.59943e-12 2.66512e-10
 3.42084  3.42483 2.88454e-10 3.02715e-12 3.02715e-12 2.88454e-10
 3.42483  3.42882 2.75261e-10 2.82553e-12 2.82553e-12 2.75261e-10
 3.42882  3.43281 2.80473e-10 2.89296e-12 2.89296e-12 2.80473e-10
 3.43281  3.43680 2.80438e-10 2.62264e-12 2.62264e-12 2.80438e-10
 3.43680  3.44079 2.80012e-10 2.97652e-12 2.97652e-12 2.80012e-10
 3.44079  3.44478 2.79908e-10 3.43143e-12 3.43143e-12 2.79908e-10
 3.44478  3.44877 2.76712e-10 2.99027e-12 2.99027e-12 2.76712e-10
 3.44877  3.45276 2.89896e-10 2.57136e-12 2.57136e-12 2.89896e-10
 3.45276  3.45675 2.70162e-10 2.68530e-12 2.68530e-12 2.70162e-10
 3.45675  3.46074 2.70120e-10 3.07951e-12 3.07951e-12 2.70120e-10
 3.46074  3.46473 2.82817e-10 3.47504e-12 3.47504e-12 2.82817e-10
 3.46473  3.46872 2.71659e-10 3.15401e-12 3.15401e-12 2.71659e-10
 3.46872  3.47271 2.84473e-10 3.45227e-12 3.45227e-12 2.84473e-10
 3.47271  3.47670 2.98855e-10 3.23591e-12 3.23591e-12 2.98855e-10
 3.47670  3.48069 2.83155e-10 3.08756e-12 3.08756e-12 2.83155e-10
 3.48069  3.48468 2.87347e-10 3.01002e-12 3.01002e-12 2.87347e-10
 3.48468  3.48867 2.85702e-10 3.33261e-12 3.33261e-12 2.85702e-10
 3.48867  3.49266 2.70641e-10 3.06266e-12 3.06266e-12 2.70641e-10
 3.49266  3.49665 2.80209e-10 3.28100e-12 3.28100e-12 2.80209e-10
 3.49665  3.50064 2.79894e-10 3.54019e-12 3.54019e-12 2.79894e-10
 3.50064  3.50463 2.87885e-10 3.11355e-12 3.11355e-12 2.87885e-10
 3.50463  3.50862 2.84432e-10 3.14029e-12 3.14029e-12 2.84432e-10
 3.50862  3.51261 2.81690e-10 3.28913e-12 3.28913e-12 2.81690e-10
 3.51261  3.51660 2.87635e-10 3.11899e-12 3.11899e-12 2.87635e-10
 3.51660  3.52059 2.83113e-10 2.90616e-12 2.90616e-12 2.83113e-10
 3.52059  3.52458 2.93381e-10 2.81002e-12 2.81002e-12 2.93381e-10
 3.52458  3.52857 2.94190e-10 3.04251e-12 3.04251e-12 2.94190e-10
 3.52857  3.53256 2.85812e-10 3.26757e-12 3.26757e-12 2.85812e-10
 3.53256  3.53655 2.99830e-10 3.41217e-12 3.41217e-12 2.99830e-10
 3.53655  3.54054 2.92018e-10 2.98339e-12 2.98339e-12 2.92018e-10
 3.54054  3.54453 2.87468e-10 2.92345e-12 2.92345e-12 2.87468e-10
 3.54453  3.54852 2.81893e-10 3.00879e-12 3.00879e-12 2.81893e-10
 3.54852  3.55251 3.01996e-10 3.33972e-12 3.33972e-12 3.01996e-10
 3.55251  3.55650 2.97299e-10 3.14131e-12 3.14131e-12 2.97299e-10
 3.55650  3.56049 2.92935e-10 2.79921e-12 2.79921e-12 2.92935e-10
 3.56049  3.56448 2.96799e-10 2.84282e-12 2.84282e-12 2.96799e-10
 3.56448  3.56847 3.01131e-10 2.91052e-12 2.91052e-12 3.01131e-10
 3.56847  3.57246 2.85336e-10 3.14771e-12 3.14771e-12 2.85336e-10
 3.57246  3.57645 3.01480e-10 3.48839e-12 3.48839e-12 3.01480e-10
 3.57645  3.58044 3.03256e-10 3.69562e-12 3.69562e-12 3.03256e-10
 3.58044  3.58443 2.98877e-10 3.09638e-12 3.09638e-12 2.98877e-10
 3.58443  3.58842 2.96917e-10 2.29348e-12 2.29348e-12 2.96917e-10
 3.58842  3.59241 2.99887e-10 2.68269e-12 2.68269e-12 2.99887e-10
 3.59241  3.59640 2.97936e-10 3.04396e-12 3.04396e-12 2.97936e-10
 3.59640  3.60039 2.91169e-10 2.55147e-12 2.55147e-12 2.91169e-10
 3.60039  3.60438 2.92114e-10 3.17357e-12 3.17357e-12 2.92114e-10
 3.60438  3.60837 2.94590e-10 4.05750e-12 4.05750e-12 2.94590e-10
 3.60837  3.61236 2.98479e-10 3.60304e-12 3.60304e-12 2.98479e-10
 3.61236  3.61635 2.95307e-10 3.00893e-12 3.00893e-12 2.95307e-10
 3.61635  3.62034 2.96245e-10 2.71663e-12 2.71663e-12 2.96245e-10
 3.62034  3.62433 2.94384e-10 2.63365e-12 2.63365e-12 2.94384e-10
 3.62433  3.62832 2.91464e-10 2.46452e-12 2.46452e-12 2.91464e-10
 3.62832  3.63231 3.00413e-10 2.50101e-12 2.50101e-12 3.00413e-10
 3.63231  3.63630 2.95724e-10 2.39168e-12 2.39168e-12 2.95724e-10
 3.63630  3.64029 3.00044e-10 2.19114e-12 2.19114e-12 3.00044e-10
 3.64029  3.64428 3.03766e-10 3.02378e-12 3.02378e-12 3.03766e-10
 3.64428  3.64827 3.05391e-10 2.74802e-12 2.74802e-12 3.05391e-10
 3.64827  3.65226 3.02392e-10 2.96044e-12 2.96044e-12 3.02392e-10
 3.65226  3.65625 2.99284e-10 3.36519e-12 3.36519e-12 2.99284e-10
 3.65625  3.66024 3.02388e-10 3.44922e-12 3.44922e-12 3.02388e-10
 3.66024  3.66423 3.03020e-10 3.64094e-12 3.64094e-12 3.03020e-10
 3.66423  3.66822 2.99662e-10 3.03073e-12 3.03073e-12 2.99662e-10
 3.66822  3.67221 3.08177e-10 2.84362e-12 2.84362e-12 3.08177e-10
 3.67221  3.67620 2.96439e-10 2.97504e-12 2.97504e-12 2.96439e-10
 3.67620  3.68019 3.02117e-10 3.50087e-12 3.50087e-12 3.02117e-10
 3.68019  3.68418 3.10778e-10 2.98888e-12 2.98888e-12 3.10778e-10
 3.68418  3.68817 3.08833e-10 3.24432e-12 3.24432e-12 3.08833e-10
 3.68817  3.69216 3.10576e-10 3.44672e-12 3.44672e-12 3.10576e-10
 3.69216  3.69615 3.06105e-10 3.77834e-12 3.77834e-12 3.06105e-10
 3.69615  3.70014 2.99283e-10 3.61228e-12 3.61228e-12 2.99283e-10
 3.70014  3.70413 3.06703e-10 3.65595e-12 3.65595e-12 3.06703e-10
 3.70413  3.70812 3.07504e-10 3.48127e-12 3.48127e-12 3.07504e-10
 3.70812  3.71211 3.03750e-10 3.34905e-12 3.34905e-12 3.03750e-10
 3.71211  3.71610 3.11819e-10 3.46239e-12 3.46239e-12 3.11819e-10
 3.71610  3.72009 3.09266e-10 4.08283e-12 4.08283e-12 3.09266e-10
 3.72009  3.72408 3.09662e-10 3.23615e-12 3.23615e-12 3.09662e-10
 3.72408  3.72807 3.10414e-10 3.05535e-12 3.05535e-12 3.10414e-10
 3.72807  3.73206 3.12425e-10 2.37252e-12 2.37252e-12 3.12425e-10
 3.73206  3.73605 3.06005e-10 2.44216e-12 2.44216e-12 3.06005e-10
 3.73605  3.74004 3.05261e-10 2.95459e-12 2.95459e-12 3.05261e-10
 3.74004  3.74403 3.03807e-10 2.87538e-12 2.87538e-12 3.03807e-10
 3.74403  3.74802 3.01497e-10 2.72636e-12 2.72636e-12 3.01497e-10
 3.74802  3.75201 3.08536e-10 2.71174e-12 2.71174e-12 3.08536e-10
 3.75201  3.75600 3.13476e-10 3.12476e-12 3.12476e-12 3.13476e-10
 3.75600  3.75999 3.10712e-10 2.81024e-12 2.81024e-12 3.10712e-10
 3.75999  3.76398 3.09516e-10 2.35465e-12 2.35465e-12 3.09516e-10
 3.76398  3.76797 3.07411e-10 2.57416e-12 2.57416e-12 3.07411e-10
 3.76797  3.77196 3.05092e-10 2.73684e-12 2.73684e-12 3.05092e-10
 3.77196  3.77595 3.02368e-10 2.51847e-12 2.51847e-12 3.02368e-10
 3.77595  3.77994 3.10658e-10 3.13464e-12 3.13464e-12 3.10658e-10
 3.77994  3.78393 3.07504e-10 3.37079e-12 3.37079e-12 3.07504e-10
 3.78393  3.78792 3.09763e-10 3.07980e-12 3.07980e-12 3.09763e-10
 3.78792  3.79191 3.08502e-10 3.12835e-12 3.12835e-12 3.08502e-10
 3.79191  3.79590 3.01354e-10 2.64453e-12 2.64453e-12 3.01354e-10
 3.79590  3.79989 3.05854e-10 3.07539e-12 3.07539e-12 3.05854e-10
 3.79989  3.80388 3.06458e-10 2.99430e-12 2.99430e-12 3.06458e-10
 3.80388  3.80787 3.01142e-10 2.87109e-12 2.87109e-12 3.01142e-10
 3.80787  3.81186 2.99799e-10 2.81140e-12 2.81140e-12 2.99799e-10
 3.81186  3.81585 3.08338e-10 3.21505e-12 3.21505e-12 3.08338e-10
 3.81585  3.81984 3.07232e-10 2.85798e-12 2.85798e-12 3.07232e-10
 3.81984  3.82383 3.02848e-10 3.30824e-12 3.30824e-12 3.02848e-10
 3.82383  3.82782 2.99035e-10 3.35318e-12 3.35318e-12 2.99035e-10
 3.82782  3.83181 3.02764e-10 2.94921e-12 2.94921e-12 3.02764e-10
 3.83181  3.83580 3.01477e-10 2.76506e-12 2.76506e-12 3.01477e-10
 3.83580  3.83979 3.08148e-10 4.03587e-12 4.03587e-12 3.08148e-10
 3.83979  3.84378 3.01077e-10 3.59724e-12 3.59724e-12 3.01077e-10
 3.84378  3.84777 3.11830e-10 4.16038e-12 4.16038e-12 3.11830e-10
 3.84777  3.85176 3.04798e-10 3.22704e-12 3.22704e-12 3.04798e-10
 3.85176  3.85575 3.02216e-10 3.48969e-12 3.48969e-12 3.02216e-10
 3.85575  3.85974 2.98601e-10 3.67711e-12 3.67711e-12 2.98601e-10
 3.85974  3.86373 3.00881e-10 3.66048e-12 3.66048e-12 3.00881e-10
 3.86373  3.86772 2.97836e-10 3.25801e-12 3.25801e-12 2.97836e-10
 3.86772  3.87171 3.03696e-10 3.38157e-12 3.38157e-12 3.03696e-10
 3.87171  3.87570 3.05052e-10 3.10890e-12 3.10890e-12 3.05052e-10
 3.87570  3.87969 3.05949e-10 4.11417e-12 4.11417e-12 3.05949e-10
 3.87969  3.88368 3.09455e-10 3.61631e-12 3.61631e-12 3.09455e-10
 3.88368  3.88767 3.03100e-10 3.44527e-12 3.44527e-12 3.03100e-10
 3.88767  3.89166 2.94974e-10 3.01896e-12 3.01896e-12 2.94974e-10
 3.89166  3.89565 2.99529e-10 3.16382e-12 3.16382e-12 2.99529e-10
 3.89565  3.89964 2.93599e-10 4.34099e-12 4.34099e-12 2.93599e-10
 3.89964  3.90363 3.02824e-10 3.49857e-12 3.49857e-12 3.02824e-10
 3.90363  3.90762 3.06000e-10 3.44683e-12 3.44683e-12 3.06000e-10
 3.90762  3.91161 2.97327e-10 3.15085e-12 3.15085e-12 2.97327e-10
 3.91161  3.91560 2.94636e-10 2.81505e-12 2.81505e-12 2.94636e-10
 3.91560  3.91959 2.99395e-10 3.66763e-12 3.66763e-12 2.99395e-10
 3.91959  3.92358 3.04228e-10 3.96021e-12 3.96021e-12 3.04228e-10
 3.92358  3.92757 3.02512e-10 2.77073e-12 2.77073e-12 3.02512e-10
 3.92757  3.93156 2.98798e-10 2.43069e-12 2.43069e-12 2.98798e-10
 3.93156  3.93555 3.03705e-10 3.13440e-12 3.13440e-12 3.03705e-10
 3.93555  3.93954 2.99905e-10 2.96644e-12 2.96644e-12 2.99905e-10
 3.93954  3.94353 2.99060e-10 3.27756e-12 3.27756e-12 2.99060e-10
 3.94353  3.94752 2.95955e-10 2.97753e-12 2.97753e-12 2.95955e-10
 3.94752  3.95151 2.92277e-10 2.78909e-12 2.78909e-12 2.92277e-10
 3.95151  3.95550 2.94382e-10 3.05889e-12 3.05889e-12 2.94382e-10
 3.95550  3.95949 2.92059e-10 2.37772e-12 2.37772e-12 2.92059e-10
 3.95949  3.96348 2.94919e-10 2.42871e-12 2.42871e-12 2.94919e-10
 3.96348  3.96747 3.07420e-10 3.01084e-12 3.01084e-12 3.07420e-10
 3.96747  3.97146 3.04558e-10 3.61390e-12 3.61390e-12 3.04558e-10
 3.97146  3.97545 2.89505e-10 2.67161e-12 2.67161e-12 2.89505e-10
 3.97545  3.97944 2.90726e-10 3.04640e-12 3.04640e-12 2.90726e-10
 3.97944  3.98343 2.90115e-10 2.77812e-12 2.77812e-12 2.90115e-10
 3.98343  3.98742 2.94309e-10 3.47786e-12 3.47786e-12 2.94309e-10
 3.98742  3.99141 3.00015e-10 2.88996e-12 2.88996e-12 3.00015e-10
 3.99141  3.99540 2.93023e-10 2.48164e-12 2.48164e-12 2.93023e-10
 3.99540  3.99939 2.89700e-10 2.56002e-12 2.56002e-12 2.89700e-10
 3.99939  4.00338 2.97646e-10 2.88506e-12 2.88506e-12 2.97646e-10
 4.00338  4.00737 2.89557e-10 2.75769e-12 2.75769e-12 2.89557e-10
 4.19917  4.20316 1.38998e-10 2.92629e-12 2.92629e-12 1.38998e-10
 4.20316  4.20715 1.60073e-10 3.10919e-12 3.10919e-12 1.60073e-10
 4.20715  4.21114 1.61668e-10 3.38194e-12 3.38194e-12 1.61668e-10
 4.21114  4.21513 1.55758e-10 3.39281e-12 3.39281e-12 1.55758e-10
 4.21513  4.21912 1.50162e-10 3.68073e-12 3.68073e-12 1.50162e-10
 4.21912  4.22311 1.45342e-10 2.97269e-12 2.97269e-12 1.45342e-10
 4.22311  4.22710 1.53421e-10 3.03333e-12 3.03333e-12 1.53421e-10
 4.22710  4.23109 1.49089e-10 3.03230e-12 3.03230e-12 1.49089e-10
 4.23109  4.23508 1.55177e-10 3.09210e-12 3.09210e-12 1.55177e-10
 4.23508  4.23907 1.58168e-10 3.43175e-12 3.43175e-12 1.58168e-10
 4.23907  4.24306 1.45129e-10 3.55419e-12 3.55419e-12 1.45129e-10
 4.24306  4.24705 1.46329e-10 2.80551e-12 2.80551e-12 1.46329e-10
 4.24705  4.25104 1.47714e-10 2.63111e-12 2.63111e-12 1.47714e-10
 4.25104  4.25503 1.46801e-10 2.71777e-12 2.71777e-12 1.46801e-10
 4.25503  4.25902 1.47818e-10 2.39903e-12 2.39903e-12 1.47818e-10
 4.25902  4.26301 1.46101e-10 2.60928e-12 2.60928e-12 1.46101e-10
 4.26301  4.26700 1.46379e-10 2.76142e-12 2.76142e-12 1.46379e-10
 4.26700  4.27099 1.39426e-10 3.46338e-12 3.46338e-12 1.39426e-10
 4.27099  4.27498 1.37364e-10 3.85189e-12 3.85189e-12 1.37364e-10
 4.27498  4.27897 1.40915e-10 3.65600e-12 3.65600e-12 1.40915e-10
 4.27897  4.28296 1.47908e-10 3.64220e-12 3.64220e-12 1.47908e-10
 4.28296  4.28695 1.49452e-10 3.05658e-12 3.05658e-12 1.49452e-10
 4.28695  4.29094 1.49691e-10 3.08418e-12 3.08418e-12 1.49691e-10
 4.29094  4.29493 1.45453e-10 3.05978e-12 3.05978e-12 1.45453e-10
 4.29493  4.29892 1.46537e-10 3.06156e-12 3.06156e-12 1.46537e-10
 4.29892  4.30291 1.45606e-10 3.34016e-12 3.34016e-12 1.45606e-10
 4.30291  4.30690 1.36481e-10 3.11063e-12 3.11063e-12 1.36481e-10
 4.30690  4.31089 1.36574e-10 3.20336e-12 3.20336e-12 1.36574e-10
 4.31089  4.31488 1.36928e-10 3.50786e-12 3.50786e-12 1.36928e-10
 4.31488  4.31887 1.31765e-10 3.57571e-12 3.57571e-12 1.31765e-10
 4.31887  4.32286 1.32382e-10 3.32787e-12 3.32787e-12 1.32382e-10
 4.32286  4.32685 1.40939e-10 2.77816e-12 2.77816e-12 1.40939e-10
 4.32685  4.33084 1.37984e-10 2.49513e-12 2.49513e-12 1.37984e-10
 4.33084  4.33483 1.32832e-10 2.55795e-12 2.55795e-12 1.32832e-10
 4.33483  4.33882 1.31404e-10 2.70695e-12 2.70695e-12 1.31404e-10
 4.33882  4.34281 1.40919e-10 2.68504e-12 2.68504e-12 1.40919e-10
 4.34281  4.34680 1.35447e-10 2.60514e-12 2.60514e-12 1.35447e-10
 4.34680  4.35079 1.30697e-10 2.96824e-12 2.96824e-12 1.30697e-10
 4.35079  4.35478 1.26091e-10 2.89262e-12 2.89262e-12 1.26091e-10
 4.35478  4.35877 1.29472e-10 3.36496e-12 3.36496e-12 1.29472e-10
 4.35877  4.36276 1.29609e-10 2.82752e-12 2.82752e-12 1.29609e-10
 4.36276  4.36675 1.21961e-10 2.68565e-12 2.68565e-12 1.21961e-10
 4.36675  4.37074 1.19584e-10 2.83394e-12 2.83394e-12 1.19584e-10
 4.37074  4.37473 1.24525e-10 2.54024e-12 2.54024e-12 1.24525e-10
 4.37473  4.37872 1.24019e-10 2.67630e-12 2.67630e-12 1.24019e-10
 4.37872  4.38271 1.21837e-10 2.93586e-12 2.93586e-12 1.21837e-10
 4.38271  4.38670 1.24043e-10 3.33894e-12 3.33894e-12 1.24043e-10
 4.38670  4.39069 1.21941e-10 3.32689e-12 3.32689e-12 1.21941e-10
 4.39069  4.39468 1.16110e-10 2.95284e-12 2.95284e-12 1.16110e-10
 4.39468  4.39867 1.09344e-10 2.81241e-12 2.81241e-12 1.09344e-10
 4.39867  4.40266 1.10897e-10 2.76109e-12 2.76109e-12 1.10897e-10
 4.40266  4.40665 1.10384e-10 2.38964e-12 2.38964e-12 1.10384e-10
 4.40665  4.41064 1.12283e-10 2.56930e-12 2.56930e-12 1.12283e-10
 4.41064  4.41463 1.18882e-10 3.12933e-12 3.12933e-12 1.18882e-10
 4.41463  4.41862 1.17191e-10 3.33330e-12 3.33330e-12 1.17191e-10
 4.41862  4.42261 1.15058e-10 3.51563e-12 3.51563e-12 1.15058e-10
 4.42261  4.42660 1.11294e-10 3.80096e-12 3.80096e-12 1.11294e-10
 4.42660  4.43059 1.04253e-10 3.76930e-12 3.76930e-12 1.04253e-10
 4.43059  4.43458 1.04325e-10 3.55699e-12 3.55699e-12 1.04325e-10
 4.43458  4.43857 1.01440e-10 3.65099e-12 3.65099e-12 1.01440e-10
 4.43857  4.44256 9.70473e-11 3.55724e-12 3.55724e-12 9.70473e-11
 4.44256  4.44655 1.00456e-10 3.33096e-12 3.33096e-12 1.00456e-10
 4.44655  4.45054 1.03225e-10 3.34567e-12 3.34567e-12 1.03225e-10
 4.45054  4.45453 9.95090e-11 3.12761e-12 3.12761e-12 9.95090e-11
 4.45453  4.45852 9.68779e-11 3.47586e-12 3.47586e-12 9.68779e-11
 4.45852  4.46251 9.54955e-11 3.13597e-12 3.13597e-12 9.54955e-11
 4.46251  4.46650 9.94107e-11 2.91336e-12 2.91336e-12 9.94107e-11
 4.46650  4.47049 9.77080e-11 3.07319e-12 3.07319e-12 9.77080e-11
 4.47049  4.47448 9.55131e-11 3.02899e-12 3.02899e-12 9.55131e-11
 4.47448  4.47847 9.53515e-11 2.78426e-12 2.78426e-12 9.53515e-11
 4.47847  4.48246 9.27041e-11 2.69400e-12 2.69400e-12 9.27041e-11
 4.48246  4.48645 8.54423e-11 2.61025e-12 2.61025e-12 8.54423e-11
 4.48645  4.49044 8.96143e-11 2.55850e-12 2.55850e-12 8.96143e-11
 4.49044  4.49443 9.41236e-11 2.94570e-12 2.94570e-12 9.41236e-11
 4.49443  4.49842 9.18371e-11 3.20979e-12 3.20979e-12 9.18371e-11
 4.49842  4.50241 9.57081e-11 2.69423e-12 2.69423e-12 9.57081e-11
 4.50241  4.50640 9.86645e-11 2.66786e-12 2.66786e-12 9.86645e-11
 4.50640  4.51039 9.22378e-11 2.96583e-12 2.96583e-12 9.22378e-11
 4.51039  4.51438 9.37622e-11 3.44770e-12 3.44770e-12 9.37622e-11
 4.51438  4.51837 9.13064e-11 2.97085e-12 2.97085e-12 9.13064e-11
 4.51837  4.52236 8.60305e-11 2.88006e-12 2.88006e-12 8.60305e-11
 4.52236  4.52635 9.08423e-11 2.90708e-12 2.90708e-12 9.08423e-11
 4.52635  4.53034 8.35911e-11 2.73124e-12 2.73124e-12 8.35911e-11
 4.53034  4.53433 8.77717e-11 3.01694e-12 3.01694e-12 8.77717e-11
 4.53433  4.53832 8.29645e-11 3.00814e-12 3.00814e-12 8.29645e-11
 4.53832  4.54231 7.39311e-11 3.08346e-12 3.08346e-12 7.39311e-11
 4.54231  4.54630 7.63006e-11 2.95332e-12 2.95332e-12 7.63006e-11
 4.54630  4.55029 8.65704e-11 3.26688e-12 3.26688e-12 8.65704e-11
 4.55029  4.55428 7.34623e-11 2.68048e-12 2.68048e-12 7.34623e-11
 4.55428  4.55827 8.85434e-11 3.22012e-12 3.22012e-12 8.85434e-11
 4.55827  4.56226 7.91359e-11 2.97624e-12 2.97624e-12 7.91359e-11
 4.56226  4.56625 8.45347e-11 2.90683e-12 2.90683e-12 8.45347e-11
 4.56625  4.57024 7.85782e-11 3.35998e-12 3.35998e-12 7.85782e-11
 4.57024  4.57423 7.86737e-11 3.27026e-12 3.27026e-12 7.86737e-11
 4.57423  4.57822 8.15335e-11 3.00726e-12 3.00726e-12 8.15335e-11
 4.57822  4.58221 7.55892e-11 3.13693e-12 3.13693e-12 7.55892e-11
 4.58221  4.58620 9.34144e-11 3.44140e-12 3.44140e-12 9.34144e-11
 4.58620  4.59019 7.93023e-11 2.84587e-12 2.84587e-12 7.93023e-11
 4.59019  4.59418 9.63197e-11 2.86894e-12 2.86894e-12 9.63197e-11
 4.59418  4.59817 7.65029e-11 2.53997e-12 2.53997e-12 7.65029e-11
 4.59817  4.60216 9.04312e-11 3.20308e-12 3.20308e-12 9.04312e-11
 4.60216  4.60615 8.34593e-11 2.40967e-12 2.40967e-12 8.34593e-11
 4.60615  4.61014 8.57526e-11 2.68801e-12 2.68801e-12 8.57526e-11
 4.61014  4.61413 8.30554e-11 2.58858e-12 2.58858e-12 8.30554e-11
 4.61413  4.61812 8.27720e-11 2.31935e-12 2.31935e-12 8.27720e-11
 4.61812  4.62211 8.87583e-11 2.34660e-12 2.34660e-12 8.87583e-11
 4.62211  4.62610 8.37345e-11 1.97559e-12 1.97559e-12 8.37345e-11
 4.62610  4.63009 9.21901e-11 2.69987e-12 2.69987e-12 9.21901e-11
 4.63009  4.63408 9.27829e-11 2.59347e-12 2.59347e-12 9.27829e-11
 4.63408  4.63807 9.04363e-11 2.00524e-12 2.00524e-12 9.04363e-11
 4.63807  4.64206 8.46471e-11 1.92978e-12 1.92978e-12 8.46471e-11
 4.64206  4.64605 8.29537e-11 2.23004e-12 2.23004e-12 8.29537e-11
 4.64605  4.65004 8.93455e-11 2.76630e-12 2.76630e-12 8.93455e-11
 4.65004  4.65403 8.62866e-11 3.40786e-12 3.40786e-12 8.62866e-11
 4.65403  4.65802 9.52300e-11 2.96918e-12 2.96918e-12 9.52300e-11
 4.65802  4.66201 8.99705e-11 2.88175e-12 2.88175e-12 8.99705e-11
 4.66201  4.66600 1.01198e-10 3.20565e-12 3.20565e-12 1.01198e-10
 4.66600  4.66999 9.52341e-11 3.14939e-12 3.14939e-12 9.52341e-11
 4.66999  4.67398 9.78522e-11 2.90735e-12 2.90735e-12 9.78522e-11
 4.67398  4.67797 8.74531e-11 3.05171e-12 3.05171e-12 8.74531e-11
 4.67797  4.68196 9.48791e-11 3.05197e-12 3.05197e-12 9.48791e-11
 4.68196  4.68595 9.40992e-11 2.50047e-12 2.50047e-12 9.40992e-11
 4.68595  4.68994 1.09303e-10 2.53109e-12 2.53109e-12 1.09303e-10
 4.68994  4.69393 9.03091e-11 3.21176e-12 3.21176e-12 9.03091e-11
 4.69393  4.69792 1.01855e-10 3.55386e-12 3.55386e-12 1.01855e-10
 4.69792  4.70191 8.87226e-11 2.91927e-12 2.91927e-12 8.87226e-11
 4.70191  4.70590 1.00640e-10 2.63264e-12 2.63264e-12 1.00640e-10
 4.70590  4.70989 8.72960e-11 2.83220e-12 2.83220e-12 8.72960e-11
 4.70989  4.71388 9.48487e-11 2.75554e-12 2.75554e-12 9.48487e-11
 4.71388  4.71787 9.54150e-11 2.60759e-12 2.60759e-12 9.54150e-11
 4.71787  4.72186 9.52859e-11 2.83278e-12 2.83278e-12 9.52859e-11
 4.72186  4.72585 1.03834e-10 2.17720e-12 2.17720e-12 1.03834e-10
 4.72585  4.72984 8.04147e-11 2.42135e-12 2.42135e-12 8.04147e-11
 4.72984  4.73383 9.75595e-11 2.56863e-12 2.56863e-12 9.75595e-11
 4.73383  4.73782 8.83792e-11 2.67408e-12 2.67408e-12 8.83792e-11
 4.73782  4.74181 1.03930e-10 3.10805e-12 3.10805e-12 1.03930e-10
 4.74181  4.74580 9.40032e-11 2.64711e-12 2.64711e-12 9.40032e-11
 4.74580  4.74979 9.43226e-11 2.59366e-12 2.59366e-12 9.43226e-11
 4.74979  4.75378 9.97393e-11 3.12371e-12 3.12371e-12 9.97393e-11
 4.75378  4.75777 8.51304e-11 3.05337e-12 3.05337e-12 8.51304e-11
 4.75777  4.76176 9.55376e-11 2.75184e-12 2.75184e-12 9.55376e-11
 4.76176  4.76575 7.71828e-11 2.41194e-12 2.41194e-12 7.71828e-11
 4.76575  4.76974 8.74755e-11 2.70520e-12 2.70520e-12 8.74755e-11
 4.76974  4.77373 8.57019e-11 2.33325e-12 2.33325e-12 8.57019e-11
 4.77373  4.77772 7.38981e-11 2.07718e-12 2.07718e-12 7.38981e-11
 4.77772  4.78171 8.77443e-11 2.17611e-12 2.17611e-12 8.77443e-11
 4.78171  4.78570 6.71968e-11 2.29906e-12 2.29906e-12 6.71968e-11
 4.78570  4.78969 8.50791e-11 2.26243e-12 2.26243e-12 8.50791e-11
 4.78969  4.79368 8.16224e-11 2.22618e-12 2.22618e-12 8.16224e-11
 4.79368  4.79767 7.50576e-11 2.63875e-12 2.63875e-12 7.50576e-11
 4.79767  4.80166 9.37723e-11 2.94304e-12 2.94304e-12 9.37723e-11
 4.80166  4.80565 6.72371e-11 2.42952e-12 2.42952e-12 6.72371e-11
 4.80565  4.80964 9.11518e-11 2.91352e-12 2.91352e-12 9.11518e-11
 4.80964  4.81363 7.48629e-11 2.76712e-12 2.76712e-12 7.48629e-11
 4.81363  4.81762 7.02335e-11 2.98510e-12 2.98510e-12 7.02335e-11
 4.81762  4.82161 8.36012e-11 3.20127e-12 3.20127e-12 8.36012e-11
 4.82161  4.82560 6.20123e-11 2.91529e-12 2.91529e-12 6.20123e-11
 4.82560  4.82959 8.61716e-11 3.21062e-12 3.21062e-12 8.61716e-11
 4.82959  4.83358 8.33450e-11 3.31157e-12 3.31157e-12 8.33450e-11
 4.83358  4.83757 7.55265e-11 3.21884e-12 3.21884e-12 7.55265e-11
 4.83757  4.84156 9.15217e-11 3.32318e-12 3.32318e-12 9.15217e-11
 4.84156  4.84555 7.02369e-11 3.02888e-12 3.02888e-12 7.02369e-11
 4.84555  4.84954 8.81540e-11 3.07761e-12 3.07761e-12 8.81540e-11
 4.84954  4.85353 8.62790e-11 3.35607e-12 3.35607e-12 8.62790e-11
 4.85353  4.85752 7.03382e-11 3.19586e-12 3.19586e-12 7.03382e-11
 4.85752  4.86151 8.94486e-11 3.46781e-12 3.46781e-12 8.94486e-11
 4.86151  4.86550 8.36792e-11 3.14183e-12 3.14183e-12 8.36792e-11
 4.86550  4.86949 8.35075e-11 3.09402e-12 3.09402e-12 8.35075e-11
 4.86949  4.87348 9.47058e-11 2.67359e-12 2.67359e-12 9.47058e-11
 4.87348  4.87747 7.12610e-11 2.69496e-12 2.69496e-12 7.12610e-11
 4.87747  4.88146 9.17961e-11 2.90049e-12 2.90049e-12 9.17961e-11
 4.88146  4.88545 8.66435e-11 3.03035e-12 3.03035e-12 8.66435e-11
 4.88545  4.88944 7.00290e-11 2.82021e-12 2.82021e-12 7.00290e-11
 4.88944  4.89343 9.94919e-11 3.10518e-12 3.10518e-12 9.94919e-11
 4.89343  4.89742 7.90370e-11 2.86747e-12 2.86747e-12 7.90370e-11
 4.89742  4.90141 6.53357e-11 2.74121e-12 2.74121e-12 6.53357e-11
 4.90141  4.90540 9.23460e-11 3.22962e-12 3.22962e-12 9.23460e-11
 4.90540  4.90939 8.66564e-11 3.78212e-12 3.78212e-12 8.66564e-11
 4.90939  4.91338 8.44235e-11 3.20493e-12 3.20493e-12 8.44235e-11
 4.91338  4.91737 8.90638e-11 3.17422e-12 3.17422e-12 8.90638e-11
 4.91737  4.92136 8.00573e-11 2.93927e-12 2.93927e-12 8.00573e-11
 4.92136  4.92535 9.05539e-11 3.25522e-12 3.25522e-12 9.05539e-11
 4.92535  4.92934 8.42527e-11 3.00951e-12 3.00951e-12 8.42527e-11
 4.92934  4.93333 7.42393e-11 3.14877e-12 3.14877e-12 7.42393e-11
 4.93333  4.93732 7.82603e-11 3.20209e-12 3.20209e-12 7.82603e-11
 4.93732  4.94131 9.73737e-11 3.63239e-12 3.63239e-12 9.73737e-11
 4.94131  4.94530 8.63988e-11 3.44925e-12 3.44925e-12 8.63988e-11
 4.94530  4.94929 8.35938e-11 3.37486e-12 3.37486e-12 8.35938e-11
 4.94929  4.95328 9.28886e-11 3.53583e-12 3.53583e-12 9.28886e-11
 4.95328  4.95727 7.93672e-11 3.15265e-12 3.15265e-12 7.93672e-11
 4.95727  4.96126 8.34140e-11 3.45617e-12 3.45617e-12 8.34140e-11
 4.96126  4.96525 9.95669e-11 3.70944e-12 3.70944e-12 9.95669e-11
 4.96525  4.96924 8.06883e-11 3.53659e-12 3.53659e-12 8.06883e-11
 4.96924  4.97323 8.25341e-11 3.33199e-12 3.33199e-12 8.25341e-11
 4.97323  4.97722 1.01518e-10 3.69550e-12 3.69550e-12 1.01518e-10
 4.97722  4.98121 9.15170e-11 3.76714e-12 3.76714e-12 9.15170e-11
 4.98121  4.98520 9.57300e-11 4.13568e-12 4.13568e-12 9.57300e-11
 4.98520  4.98919 1.06455e-10 4.02472e-12 4.02472e-12 1.06455e-10
 4.98919  4.99318 8.18775e-11 3.08529e-12 3.08529e-12 8.18775e-11
 4.99318  4.99717 8.60947e-11 3.42324e-12 3.42324e-12 8.60947e-11
 4.99717  5.00116 8.94089e-11 2.76681e-12 2.76681e-12 8.94089e-11
 5.00116  5.00515 7.43257e-11 2.90319e-12 2.90319e-12 7.43257e-11
 5.00515  5.00914 9.24025e-11 2.70910e-12 2.70910e-12 9.24025e-11
 5.00914  5.01313 9.88283e-11 3.20812e-12 3.20812e-12 9.88283e-11
 5.01313  5.01712 8.53805e-11 3.42421e-12 3.42421e-12 8.53805e-11
 5.01712  5.02111 8.07209e-11 3.08484e-12 3.08484e-12 8.07209e-11
 5.02111  5.02510 8.69592e-11 3.46514e-12 3.46514e-12 8.69592e-11
 5.02510  5.02909 8.93070e-11 3.63813e-12 3.63813e-12 8.93070e-11
 5.02909  5.03308 8.88054e-11 3.53328e-12 3.53328e-12 8.88054e-11
 5.03308  5.03707 9.67474e-11 3.07462e-12 3.07462e-12 9.67474e-11
 5.03707  5.04106 8.79910e-11 3.13369e-12 3.13369e-12 8.79910e-11
 5.04106  5.04505 8.36600e-11 3.21920e-12 3.21920e-12 8.36600e-11
 5.04505  5.04904 9.70363e-11 3.67154e-12 3.67154e-12 9.70363e-11
 5.04904  5.05303 9.96738e-11 3.91774e-12 3.91774e-12 9.96738e-11
 5.05303  5.05702 9.19924e-11 3.58962e-12 3.58962e-12 9.19924e-11
 5.05702  5.06101 9.83882e-11 3.07807e-12 3.07807e-12 9.83882e-11
 5.06101  5.06500 1.01744e-10 3.37371e-12 3.37371e-12 1.01744e-10
 5.06500  5.06899 8.93689e-11 2.94306e-12 2.94306e-12 8.93689e-11
 5.06899  5.07298 9.99048e-11 3.19220e-12 3.19220e-12 9.99048e-11
 5.07298  5.07697 1.03808e-10 3.27969e-12 3.27969e-12 1.03808e-10
 5.07697  5.08096 8.45490e-11 3.06682e-12 3.06682e-12 8.45490e-11
 5.08096  5.08495 8.42557e-11 2.54721e-12 2.54721e-12 8.42557e-11
 5.08495  5.08894 9.49106e-11 2.83229e-12 2.83229e-12 9.49106e-11
 5.08894  5.09293 9.48968e-11 2.98555e-12 2.98555e-12 9.48968e-11
 5.09293  5.09692 8.56410e-11 2.98777e-12 2.98777e-12 8.56410e-11
 5.09692  5.10091 1.02490e-10 3.00771e-12 3.00771e-12 1.02490e-10
 5.10091  5.10490 1.00224e-10 2.65078e-12 2.65078e-12 1.00224e-10
 5.10490  5.10889 8.54718e-11 2.51548e-12 2.51548e-12 8.54718e-11
 5.10889  5.11288 9.74329e-11 3.05715e-12 3.05715e-12 9.74329e-11
 5.11288  5.11687 1.05949e-10 3.50039e-12 3.50039e-12 1.05949e-10
 5.11687  5.12086 1.01284e-10 3.45355e-12 3.45355e-12 1.01284e-10
 5.12086  5.12485 1.06389e-10 3.53337e-12 3.53337e-12 1.06389e-10
 5.12485  5.12884 1.02213e-10 3.43475e-12 3.43475e-12 1.02213e-10
 5.12884  5.13283 9.17664e-11 3.53293e-12 3.53293e-12 9.17664e-11
 5.13283  5.13682 9.17851e-11 3.50768e-12 3.50768e-12 9.17851e-11
 5.13682  5.14081 9.37794e-11 3.45034e-12 3.45034e-12 9.37794e-11
 5.14081  5.14480 8.87640e-11 3.65597e-12 3.65597e-12 8.87640e-11
 5.14480  5.14879 7.92010e-11 3.43610e-12 3.43610e-12 7.92010e-11
 5.14879  5.15278 9.27301e-11 3.48678e-12 3.48678e-12 9.27301e-11
 5.15278  5.15677 1.04160e-10 3.39871e-12 3.39871e-12 1.04160e-10
 5.15677  5.16076 9.19693e-11 3.47538e-12 3.47538e-12 9.19693e-11
 5.16076  5.16475 9.45171e-11 3.47269e-12 3.47269e-12 9.45171e-11
 5.16475  5.16874 1.06717e-10 3.81408e-12 3.81408e-12 1.06717e-10
 5.16874  5.17273 1.01616e-10 3.93626e-12 3.93626e-12 1.01616e-10
 5.17273  5.17672 9.51824e-11 3.43728e-12 3.43728e-12 9.51824e-11
 5.17672  5.18071 1.10230e-10 3.41819e-12 3.41819e-12 1.10230e-10
 5.18071  5.18470 1.04540e-10 3.46065e-12 3.46065e-12 1.04540e-10
 5.18470  5.18869 9.71429e-11 3.54720e-12 3.54720e-12 9.71429e-11
 5.18869  5.19268 1.05810e-10 4.06138e-12 4.06138e-12 1.05810e-10
 5.19268  5.19667 9.80108e-11 4.03373e-12 4.03373e-12 9.80108e-11
 5.19667  5.20066 8.75480e-11 4.07070e-12 4.07070e-12 8.75480e-11
 5.20066  5.20465 8.41662e-11 3.68732e-12 3.68732e-12 8.41662e-11
 5.20465  5.20864 9.79551e-11 3.56889e-12 3.56889e-12 9.79551e-11
 5.20864  5.21263 9.25461e-11 3.93991e-12 3.93991e-12 9.25461e-11
 5.21263  5.21662 9.29021e-11 3.93372e-12 3.93372e-12 9.29021e-11
 5.21662  5.22061 9.90144e-11 4.00401e-12 4.00401e-12 9.90144e-11
 5.22061  5.22460 8.58643e-11 3.88153e-12 3.88153e-12 8.58643e-11
 5.22460  5.22859 9.24307e-11 3.78505e-12 3.78505e-12 9.24307e-11
 5.22859  5.23258 9.67440e-11 3.67331e-12 3.67331e-12 9.67440e-11
 5.23258  5.23657 9.57144e-11 3.57478e-12 3.57478e-12 9.57144e-11
 5.23657  5.24056 1.01198e-10 3.52722e-12 3.52722e-12 1.01198e-10
 5.24056  5.24455 8.78679e-11 3.48811e-12 3.48811e-12 8.78679e-11
 5.24455  5.24854 9.25768e-11 3.92943e-12 3.92943e-12 9.25768e-11
 5.24854  5.25253 1.00644e-10 4.28206e-12 4.28206e-12 1.00644e-10
 5.25253  5.25652 9.38699e-11 4.77036e-12 4.77036e-12 9.38699e-11
 5.25652  5.26051 8.85986e-11 4.05802e-12 4.05802e-12 8.85986e-11
 5.26051  5.26450 9.69247e-11 3.75046e-12 3.75046e-12 9.69247e-11
 5.26450  5.26849 9.79063e-11 3.59472e-12 3.59472e-12 9.79063e-11
