1.4789 1.48218 1.5955865238534538e-10 5.3181430907775186e-12 5.3181430907775186e-12 1.5955865238534538e-10
1.48218 1.48546 1.8764478360462326e-10 5.740124810112871e-12 5.740124810112871e-12 1.8764478360462326e-10
1.48546 1.48874 1.7047795259540145e-10 4.769297007076755e-12 4.769297007076755e-12 1.7047795259540145e-10
1.48874 1.49202 1.8060323162283235e-10 5.049961769857788e-12 5.049961769857788e-12 1.8060323162283235e-10
1.49202 1.4953 1.8808720114127568e-10 5.300232364101405e-12 5.300232364101405e-12 1.8808720114127568e-10
1.4953 1.49858 2.007966752189251e-10 4.985875856072995e-12 4.985875856072995e-12 2.007966752189251e-10
1.49858 1.50186 2.1050972047950791e-10 5.2584577089286446e-12 5.2584577089286446e-12 2.1050972047950791e-10
1.50186 1.50514 2.2188507804832856e-10 5.326610548278987e-12 5.326610548278987e-12 2.2188507804832856e-10
1.50514 1.50842 1.9917777462756502e-10 5.0970679081343805e-12 5.0970679081343805e-12 1.9917777462756502e-10
1.50842 1.5117 2.220831166089455e-10 5.161654083080675e-12 5.161654083080675e-12 2.220831166089455e-10
1.5117 1.51498 2.2534648025664846e-10 4.7534455443437914e-12 4.7534455443437914e-12 2.2534648025664846e-10
1.51498 1.51826 2.2089900579027088e-10 4.6808406845525015e-12 4.6808406845525015e-12 2.2089900579027088e-10
1.51826 1.52154 2.35067629405833e-10 4.635809120422804e-12 4.635809120422804e-12 2.35067629405833e-10
1.52154 1.52482 2.39355965278498e-10 5.0989523168387565e-12 5.0989523168387565e-12 2.39355965278498e-10
1.52482 1.5281 2.4080228674137264e-10 5.6784550719250716e-12 5.6784550719250716e-12 2.4080228674137264e-10
1.5281 1.53138 2.60693508446691e-10 5.5727141612144934e-12 5.5727141612144934e-12 2.60693508446691e-10
1.53138 1.53466 2.6907719349676517e-10 5.328643790610327e-12 5.328643790610327e-12 2.6907719349676517e-10
1.53466 1.53794 3.0275047935930744e-10 5.380794819280798e-12 5.380794819280798e-12 3.0275047935930744e-10
1.53794 1.54122 3.109326988078989e-10 5.418049650056388e-12 5.418049650056388e-12 3.109326988078989e-10
1.54122 1.5445 2.997450121106166e-10 5.87561563047341e-12 5.87561563047341e-12 2.997450121106166e-10
1.5445 1.54778 3.4909221999024345e-10 5.440620616849563e-12 5.440620616849563e-12 3.4909221999024345e-10
1.54778 1.55106 3.226283437947477e-10 4.8372015950403476e-12 4.8372015950403476e-12 3.226283437947477e-10
1.55106 1.55434 3.3560495069752624e-10 5.559725521100047e-12 5.559725521100047e-12 3.3560495069752624e-10
1.55434 1.55762 3.6465226920266996e-10 5.761717918190889e-12 5.761717918190889e-12 3.6465226920266996e-10
1.55762 1.5609 3.4147540541878856e-10 5.7092871862794076e-12 5.7092871862794076e-12 3.4147540541878856e-10
1.5609 1.56418 3.3713989346854865e-10 5.853475898944047e-12 5.853475898944047e-12 3.3713989346854865e-10
1.56418 1.56746 3.3890889983879737e-10 5.227200415060957e-12 5.227200415060957e-12 3.3890889983879737e-10
1.56746 1.57074 3.674004699750051e-10 5.442359421664151e-12 5.442359421664151e-12 3.674004699750051e-10
1.57074 1.57402 3.5062789079917896e-10 5.390156929758378e-12 5.390156929758378e-12 3.5062789079917896e-10
1.57402 1.5773 3.9012703988710455e-10 5.791858589349285e-12 5.791858589349285e-12 3.9012703988710455e-10
1.5773 1.58058 3.5969703993558e-10 5.339436856784854e-12 5.339436856784854e-12 3.5969703993558e-10
1.58058 1.58386 3.46303937734115e-10 5.55940798289578e-12 5.55940798289578e-12 3.46303937734115e-10
1.58386 1.58714 3.714196329858951e-10 6.488784495161909e-12 6.488784495161909e-12 3.714196329858951e-10
1.58714 1.59042 4.0578502982183077e-10 6.3250143167347136e-12 6.3250143167347136e-12 4.0578502982183077e-10
1.59042 1.5937 4.208499334728051e-10 5.886158953699723e-12 5.886158953699723e-12 4.208499334728051e-10
1.5937 1.59698 4.1106712494570906e-10 5.621022603674428e-12 5.621022603674428e-12 4.1106712494570906e-10
1.59698 1.60026 3.9898025177822426e-10 6.263146863227802e-12 6.263146863227802e-12 3.9898025177822426e-10
1.60026 1.60354 4.0929268984962397e-10 5.911099920699e-12 5.911099920699e-12 4.0929268984962397e-10
1.60354 1.60682 4.0501522580310184e-10 5.312697793567453e-12 5.312697793567453e-12 4.0501522580310184e-10
1.60682 1.6101 4.2339220565091615e-10 4.929782893644524e-12 4.929782893644524e-12 4.2339220565091615e-10
1.6101 1.61338 3.9994390207604096e-10 6.090786545859101e-12 6.090786545859101e-12 3.9994390207604096e-10
1.61338 1.61666 4.3564273192293733e-10 5.583211251622403e-12 5.583211251622403e-12 4.3564273192293733e-10
1.61666 1.61994 4.3499851566792467e-10 6.188145932096598e-12 6.188145932096598e-12 4.3499851566792467e-10
1.61994 1.62322 4.3168349439784323e-10 5.036906660522323e-12 5.036906660522323e-12 4.3168349439784323e-10
1.62322 1.6265 4.159288770517022e-10 6.310464708670612e-12 6.310464708670612e-12 4.159288770517022e-10
1.6265 1.62978 4.299022473474902e-10 5.355738029717196e-12 5.355738029717196e-12 4.299022473474902e-10
1.62978 1.63306 4.1956311992120147e-10 5.643267255330662e-12 5.643267255330662e-12 4.1956311992120147e-10
1.63306 1.63634 4.5753487317252013e-10 5.477389204046211e-12 5.477389204046211e-12 4.5753487317252013e-10
1.63634 1.63962 4.2659609092397745e-10 5.150461121962223e-12 5.150461121962223e-12 4.2659609092397745e-10
1.63962 1.6429 4.3708216893219364e-10 5.069677670984579e-12 5.069677670984579e-12 4.3708216893219364e-10
1.6429 1.64618 4.4307974678576754e-10 5.530129425327709e-12 5.530129425327709e-12 4.4307974678576754e-10
1.64618 1.64946 4.726950702612919e-10 5.996836737787297e-12 5.996836737787297e-12 4.726950702612919e-10
1.64946 1.65274 4.6339957813170274e-10 5.740073142205155e-12 5.740073142205155e-12 4.6339957813170274e-10
1.65274 1.65602 4.692257044910509e-10 5.2506968977132055e-12 5.2506968977132055e-12 4.692257044910509e-10
1.65602 1.6593 4.741716230954231e-10 6.790176367303439e-12 6.790176367303439e-12 4.741716230954231e-10
1.6593 1.66258 4.5631559213183136e-10 4.9261917584747e-12 4.9261917584747e-12 4.5631559213183136e-10
1.66258 1.66586 4.776161252493402e-10 5.239766936357885e-12 5.239766936357885e-12 4.776161252493402e-10
1.66586 1.66914 4.5152756760175496e-10 5.641984097252825e-12 5.641984097252825e-12 4.5152756760175496e-10
1.66914 1.67242 4.273881820319479e-10 6.976515390588088e-12 6.976515390588088e-12 4.273881820319479e-10
1.67242 1.6757 4.3895049247362983e-10 5.959945873486716e-12 5.959945873486716e-12 4.3895049247362983e-10
1.6757 1.67898 4.537642311667939e-10 5.783687186204706e-12 5.783687186204706e-12 4.537642311667939e-10
1.67898 1.68226 4.5392482243677326e-10 5.5913522846944216e-12 5.5913522846944216e-12 4.5392482243677326e-10
1.68226 1.68554 4.5824834089319603e-10 6.219766661274308e-12 6.219766661274308e-12 4.5824834089319603e-10
1.68554 1.68882 4.601779772840792e-10 6.320627288077186e-12 6.320627288077186e-12 4.601779772840792e-10
1.68882 1.6921 4.874826152165485e-10 7.342404868766865e-12 7.342404868766865e-12 4.874826152165485e-10
1.6921 1.69538 4.241337251538877e-10 5.5933043425459836e-12 5.5933043425459836e-12 4.241337251538877e-10
1.69538 1.69866 4.5690945036957283e-10 5.640224738874545e-12 5.640224738874545e-12 4.5690945036957283e-10
1.69866 1.70194 4.657312424064414e-10 6.89612356695897e-12 6.89612356695897e-12 4.657312424064414e-10
1.70194 1.70522 4.5657207147630277e-10 6.940003516370516e-12 6.940003516370516e-12 4.5657207147630277e-10
1.70522 1.7085 4.6099805588840943e-10 6.556811551223529e-12 6.556811551223529e-12 4.6099805588840943e-10
1.7085 1.71178 4.675292205392505e-10 6.362314819127831e-12 6.362314819127831e-12 4.675292205392505e-10
1.71178 1.71506 4.2983379734508015e-10 6.7364455257253315e-12 6.7364455257253315e-12 4.2983379734508015e-10
1.71506 1.71834 4.3751506722072367e-10 6.586304017682928e-12 6.586304017682928e-12 4.3751506722072367e-10
1.71834 1.72162 4.2023372391755326e-10 7.338486646010061e-12 7.338486646010061e-12 4.2023372391755326e-10
1.72162 1.7249 4.163891706662283e-10 6.863658459242659e-12 6.863658459242659e-12 4.163891706662283e-10
1.7249 1.72818 4.243683356105915e-10 7.110059217969501e-12 7.110059217969501e-12 4.243683356105915e-10
1.72818 1.73146 4.2280257718833585e-10 7.298428364380024e-12 7.298428364380024e-12 4.2280257718833585e-10
1.73146 1.73474 4.2726947372727665e-10 7.72475012031075e-12 7.72475012031075e-12 4.2726947372727665e-10
1.73474 1.73802 4.413916498860452e-10 6.833317610326722e-12 6.833317610326722e-12 4.413916498860452e-10
1.73802 1.7413 3.9167970724361364e-10 7.252649018326039e-12 7.252649018326039e-12 3.9167970724361364e-10
1.7413 1.74458 4.030024787680839e-10 6.8177178121734916e-12 6.8177178121734916e-12 4.030024787680839e-10
1.74458 1.74786 3.4886507561342896e-10 7.376715687347367e-12 7.376715687347367e-12 3.4886507561342896e-10
1.74786 1.75114 3.7076561236095047e-10 6.270312980537388e-12 6.270312980537388e-12 3.7076561236095047e-10
1.75114 1.75442 3.7482300408644255e-10 7.148580617360335e-12 7.148580617360335e-12 3.7482300408644255e-10
1.75442 1.7577 3.380912112180539e-10 6.052013596548171e-12 6.052013596548171e-12 3.380912112180539e-10
1.7577 1.76098 3.698017414563083e-10 6.888817524982869e-12 6.888817524982869e-12 3.698017414563083e-10
1.76098 1.76426 3.174037476521526e-10 6.9108211907291925e-12 6.9108211907291925e-12 3.174037476521526e-10
1.76426 1.76754 3.473546298422973e-10 7.387669511105645e-12 7.387669511105645e-12 3.473546298422973e-10
1.76754 1.77082 3.045347253681428e-10 6.647270414125396e-12 6.647270414125396e-12 3.045347253681428e-10
1.77082 1.7741 3.3201976037592714e-10 6.981709681025279e-12 6.981709681025279e-12 3.3201976037592714e-10
1.7741 1.77738 3.34168471763507e-10 7.329343224236535e-12 7.329343224236535e-12 3.34168471763507e-10
1.77738 1.78066 3.3946358949731955e-10 7.536563260279492e-12 7.536563260279492e-12 3.3946358949731955e-10
1.78066 1.78394 3.1856202578357766e-10 6.893728445350481e-12 6.893728445350481e-12 3.1856202578357766e-10
1.78394 1.78722 2.7455819419185654e-10 7.0554622197986265e-12 7.0554622197986265e-12 2.7455819419185654e-10
1.78722 1.7905 3.080402479878869e-10 7.834718884837329e-12 7.834718884837329e-12 3.080402479878869e-10
1.7905 1.79378 2.8633738023658723e-10 7.067710897602627e-12 7.067710897602627e-12 2.8633738023658723e-10
1.79378 1.79706 2.709982210431461e-10 7.49702539736924e-12 7.49702539736924e-12 2.709982210431461e-10
1.79706 1.80034 3.517954641342073e-10 1.0416847573622258e-11 1.0416847573622258e-11 3.517954641342073e-10
1.96538 1.96972 2.579421209225267e-10 9.55394019912575e-12 9.55394019912575e-12 2.579421209225267e-10
1.96972 1.97407 2.9613999276414756e-10 5.713863714209497e-12 5.713863714209497e-12 2.9613999276414756e-10
1.97407 1.97841 2.857591686149816e-10 5.517424527961599e-12 5.517424527961599e-12 2.857591686149816e-10
1.97841 1.98276 2.8958671204044897e-10 4.170745373822078e-12 4.170745373822078e-12 2.8958671204044897e-10
1.98276 1.98711 3.1310564440629665e-10 4.564188599377316e-12 4.564188599377316e-12 3.1310564440629665e-10
1.98711 1.99145 2.948144907250868e-10 5.202909061489033e-12 5.202909061489033e-12 2.948144907250868e-10
1.99145 1.9958 3.092053687945202e-10 4.274901170752176e-12 4.274901170752176e-12 3.092053687945202e-10
1.9958 2.00014 3.122529505732244e-10 5.661914228595588e-12 5.661914228595588e-12 3.122529505732244e-10
2.00014 2.00449 2.346171104874676e-10 7.515788438898621e-12 7.515788438898621e-12 2.346171104874676e-10
2.00449 2.00884 2.7997267480187674e-10 7.609512841591707e-12 7.609512841591707e-12 2.7997267480187674e-10
2.00884 2.01318 3.088510194600254e-10 7.632560480468835e-12 7.632560480468835e-12 3.088510194600254e-10
2.01318 2.01753 3.2387707074624094e-10 7.720806129828366e-12 7.720806129828366e-12 3.2387707074624094e-10
2.01753 2.02187 3.3552496528235013e-10 6.494292267848179e-12 6.494292267848179e-12 3.3552496528235013e-10
2.02187 2.02622 3.669248722863225e-10 5.17676855239321e-12 5.17676855239321e-12 3.669248722863225e-10
2.02622 2.03056 3.5300584762455506e-10 5.860374479464692e-12 5.860374479464692e-12 3.5300584762455506e-10
2.03056 2.03491 3.7858955228352503e-10 5.8593349524268125e-12 5.8593349524268125e-12 3.7858955228352503e-10
2.03491 2.03926 3.752891144245409e-10 5.0218459084543135e-12 5.0218459084543135e-12 3.752891144245409e-10
2.03926 2.0436 3.689383579190948e-10 6.59419580867621e-12 6.59419580867621e-12 3.689383579190948e-10
2.0436 2.04795 3.86531832536475e-10 4.49012537360341e-12 4.49012537360341e-12 3.86531832536475e-10
2.04795 2.0523 3.787273852956366e-10 5.9643158028156854e-12 5.9643158028156854e-12 3.787273852956366e-10
2.0523 2.05664 3.663477236046435e-10 6.69398190037995e-12 6.69398190037995e-12 3.663477236046435e-10
2.05664 2.06099 4.058309052870427e-10 5.814915605916712e-12 5.814915605916712e-12 4.058309052870427e-10
2.06099 2.06533 3.925694386384248e-10 5.253098973465552e-12 5.253098973465552e-12 3.925694386384248e-10
2.06533 2.06968 4.1357434539197046e-10 5.37849930020855e-12 5.37849930020855e-12 4.1357434539197046e-10
2.06968 2.07402 4.120115003666967e-10 4.736500413793897e-12 4.736500413793897e-12 4.120115003666967e-10
2.07402 2.07837 4.210212022502288e-10 4.414262456280678e-12 4.414262456280678e-12 4.210212022502288e-10
2.07837 2.08272 4.3592057249734247e-10 4.458646782662782e-12 4.458646782662782e-12 4.3592057249734247e-10
2.08272 2.08706 4.316332790486259e-10 4.462040626770775e-12 4.462040626770775e-12 4.316332790486259e-10
2.08706 2.09141 4.44832046634513e-10 4.5621565784334644e-12 4.5621565784334644e-12 4.44832046634513e-10
2.09141 2.09576 4.5132171257375807e-10 4.33247762721213e-12 4.33247762721213e-12 4.5132171257375807e-10
2.09576 2.1001 4.682329506029463e-10 4.663513805377023e-12 4.663513805377023e-12 4.682329506029463e-10
2.1001 2.10445 4.5110844228433106e-10 4.43264274977761e-12 4.43264274977761e-12 4.5110844228433106e-10
2.10445 2.10879 4.4832719445716325e-10 4.962444396613263e-12 4.962444396613263e-12 4.4832719445716325e-10
2.10879 2.11314 4.809416494704063e-10 5.609366264933592e-12 5.609366264933592e-12 4.809416494704063e-10
2.11314 2.11749 4.676480388338667e-10 5.264824664038273e-12 5.264824664038273e-12 4.676480388338667e-10
2.11749 2.12183 4.5385258642249917e-10 4.287714883544099e-12 4.287714883544099e-12 4.5385258642249917e-10
2.12183 2.12618 4.809007034581415e-10 4.382861357341936e-12 4.382861357341936e-12 4.809007034581415e-10
2.12618 2.13052 4.785888554657033e-10 6.103313480582461e-12 6.103313480582461e-12 4.785888554657033e-10
2.13052 2.13487 4.855249996716092e-10 5.7912743378588545e-12 5.7912743378588545e-12 4.855249996716092e-10
2.13487 2.13922 4.862231256446824e-10 5.1404146748515766e-12 5.1404146748515766e-12 4.862231256446824e-10
2.13922 2.14356 4.86081425408081e-10 4.815993993486656e-12 4.815993993486656e-12 4.86081425408081e-10
2.14356 2.14791 5.029509358268038e-10 3.8917299589939106e-12 3.8917299589939106e-12 5.029509358268038e-10
2.14791 2.15225 5.003306043786819e-10 6.145445058669889e-12 6.145445058669889e-12 5.003306043786819e-10
2.15225 2.1566 4.966037609474537e-10 5.001490007285308e-12 5.001490007285308e-12 4.966037609474537e-10
2.1566 2.16095 5.067024668302658e-10 6.420856117006915e-12 6.420856117006915e-12 5.067024668302658e-10
2.16095 2.16529 4.996770557344545e-10 5.090745381455229e-12 5.090745381455229e-12 4.996770557344545e-10
2.16529 2.16964 4.964510216925215e-10 5.056310459115848e-12 5.056310459115848e-12 4.964510216925215e-10
2.16964 2.17398 4.92058167003264e-10 5.247986428577382e-12 5.247986428577382e-12 4.92058167003264e-10
2.17398 2.17833 4.795027534468466e-10 4.746856957112383e-12 4.746856957112383e-12 4.795027534468466e-10
2.17833 2.18267 4.731644449127253e-10 4.95190143379332e-12 4.95190143379332e-12 4.731644449127253e-10
2.18267 2.18702 4.856029717289622e-10 5.4746800282123045e-12 5.4746800282123045e-12 4.856029717289622e-10
2.18702 2.19137 4.712064683869899e-10 4.463034867774096e-12 4.463034867774096e-12 4.712064683869899e-10
2.19137 2.19571 4.6086834195668755e-10 5.1385494448687505e-12 5.1385494448687505e-12 4.6086834195668755e-10
2.19571 2.20006 4.459478912678535e-10 5.212776770761682e-12 5.212776770761682e-12 4.459478912678535e-10
2.20006 2.2044 4.4306564786743544e-10 5.436091510100118e-12 5.436091510100118e-12 4.4306564786743544e-10
2.2044 2.20875 4.6131682591286193e-10 4.917251630985136e-12 4.917251630985136e-12 4.6131682591286193e-10
2.20875 2.2131 4.726839748738768e-10 6.2923675380000084e-12 6.2923675380000084e-12 4.726839748738768e-10
2.2131 2.21744 4.761026551383869e-10 5.859592328418442e-12 5.859592328418442e-12 4.761026551383869e-10
2.21744 2.22179 4.587640147504207e-10 5.0623406642045826e-12 5.0623406642045826e-12 4.587640147504207e-10
2.22179 2.22613 4.5627985823062055e-10 4.9736965556330876e-12 4.9736965556330876e-12 4.5627985823062055e-10
2.22613 2.23048 4.3117173766320543e-10 5.789001113405132e-12 5.789001113405132e-12 4.3117173766320543e-10
2.23048 2.23483 4.3698368987550634e-10 5.022348602468308e-12 5.022348602468308e-12 4.3698368987550634e-10
2.23483 2.23917 4.435451216364036e-10 4.620760744324518e-12 4.620760744324518e-12 4.435451216364036e-10
2.23917 2.24352 4.4756295664812727e-10 5.859907063447292e-12 5.859907063447292e-12 4.4756295664812727e-10
2.24352 2.24787 4.6403818310391325e-10 6.9624234004526585e-12 6.9624234004526585e-12 4.6403818310391325e-10
2.24787 2.25221 4.482889078734828e-10 6.611865840459807e-12 6.611865840459807e-12 4.482889078734828e-10
2.25221 2.25656 4.6015640989116844e-10 5.87116819097323e-12 5.87116819097323e-12 4.6015640989116844e-10
2.25656 2.2609 4.3783907411904564e-10 5.931914502175522e-12 5.931914502175522e-12 4.3783907411904564e-10
2.2609 2.26525 4.4985329460489015e-10 5.747197419985958e-12 5.747197419985958e-12 4.4985329460489015e-10
2.26525 2.26959 4.2847311511075834e-10 4.965536265962051e-12 4.965536265962051e-12 4.2847311511075834e-10
2.26959 2.27394 4.045168683681044e-10 5.991388851544172e-12 5.991388851544172e-12 4.045168683681044e-10
2.27394 2.27829 4.285281499537591e-10 6.503690911487728e-12 6.503690911487728e-12 4.285281499537591e-10
2.27829 2.28263 4.255994507091034e-10 6.8160988765231616e-12 6.8160988765231616e-12 4.255994507091034e-10
2.28263 2.28698 4.173594632112711e-10 5.859053849174881e-12 5.859053849174881e-12 4.173594632112711e-10
2.28698 2.29132 4.2845399622067727e-10 6.718716188363637e-12 6.718716188363637e-12 4.2845399622067727e-10
2.29132 2.29567 3.631874278449901e-10 5.573666616098417e-12 5.573666616098417e-12 3.631874278449901e-10
2.29567 2.30002 3.4595486887058275e-10 4.967505626699835e-12 4.967505626699835e-12 3.4595486887058275e-10
2.30002 2.30436 3.6283082172331713e-10 5.818228470235262e-12 5.818228470235262e-12 3.6283082172331713e-10
2.30436 2.30871 3.5825622349190643e-10 5.960836213946791e-12 5.960836213946791e-12 3.5825622349190643e-10
2.30871 2.31306 3.7653979147656425e-10 5.069126020798138e-12 5.069126020798138e-12 3.7653979147656425e-10
2.31306 2.3174 3.3872453998918405e-10 6.856467630577067e-12 6.856467630577067e-12 3.3872453998918405e-10
2.3174 2.32175 3.754761875428081e-10 7.797150423500448e-12 7.797150423500448e-12 3.754761875428081e-10
2.32175 2.32609 3.528565437821125e-10 6.0561678906186975e-12 6.0561678906186975e-12 3.528565437821125e-10
2.32609 2.33044 3.374360798751324e-10 6.995394107470152e-12 6.995394107470152e-12 3.374360798751324e-10
2.33044 2.33479 3.4439444336793526e-10 5.887302033166621e-12 5.887302033166621e-12 3.4439444336793526e-10
2.33479 2.33913 3.282035302307317e-10 7.121086820629742e-12 7.121086820629742e-12 3.282035302307317e-10
2.33913 2.34348 3.544158576458343e-10 6.497553083875929e-12 6.497553083875929e-12 3.544158576458343e-10
2.34348 2.34782 3.3598922885649216e-10 6.9248940020104745e-12 6.9248940020104745e-12 3.3598922885649216e-10
2.34782 2.35217 3.233165958463112e-10 6.9338520643203765e-12 6.9338520643203765e-12 3.233165958463112e-10
2.35217 2.35652 3.411416920910662e-10 6.974466292036857e-12 6.974466292036857e-12 3.411416920910662e-10
2.35652 2.36086 3.126550566908292e-10 7.371119997060617e-12 7.371119997060617e-12 3.126550566908292e-10
2.36086 2.36521 3.263431937509992e-10 7.084070722303901e-12 7.084070722303901e-12 3.263431937509992e-10
2.36521 2.36955 3.2288617542560534e-10 8.63475672175217e-12 8.63475672175217e-12 3.2288617542560534e-10
2.36955 2.3739 3.143521033479052e-10 8.6132846267964e-12 8.6132846267964e-12 3.143521033479052e-10
2.3739 2.37824 3.33317319626716e-10 9.141207231635556e-12 9.141207231635556e-12 3.33317319626716e-10
2.87344 2.87923 2.53942011e-10 4.1788119e-12 4.1788119e-12 2.53942011e-10
2.87923 2.88504 2.51639422e-10 4.1788119e-12 4.1788119e-12 2.51639422e-10
2.88504 2.89085 2.28445753e-10 3.91473666e-12 3.91473666e-12 2.28445753e-10
2.89085 2.89668 2.42859606e-10 3.73914308e-12 3.73914308e-12 2.42859606e-10
2.89668 2.90251 2.48500424e-10 4.01090508e-12 4.01090508e-12 2.48500424e-10
2.90251 2.90836 2.49842745e-10 3.80171808e-12 3.80171808e-12 2.49842745e-10
2.90836 2.91423 2.38963734e-10 3.77662037e-12 3.77662037e-12 2.38963734e-10
2.91423 2.9201 2.47111784e-10 3.57717372e-12 3.57717372e-12 2.47111784e-10
2.9201 2.92598 2.34820112e-10 4.0423564e-12 4.0423564e-12 2.34820112e-10
2.92598 2.93188 2.46788363e-10 3.79334352e-12 3.79334352e-12 2.46788363e-10
2.93188 2.93779 2.69065511e-10 3.27107216e-12 3.27107216e-12 2.69065511e-10
2.93779 2.94371 2.60253786e-10 4.42138209e-12 4.42138209e-12 2.60253786e-10
2.94371 2.94964 2.51984681e-10 3.52852294e-12 3.52852294e-12 2.51984681e-10
2.94964 2.95559 2.4083522e-10 4.18606789e-12 4.18606789e-12 2.4083522e-10
2.95559 2.96154 2.51780465e-10 4.24234736e-12 4.24234736e-12 2.51780465e-10
2.96154 2.96751 2.45664422e-10 3.95385637e-12 3.95385637e-12 2.45664422e-10
2.96751 2.97349 2.40061962e-10 3.60412532e-12 3.60412532e-12 2.40061962e-10
2.97349 2.97949 2.54773138e-10 3.41829147e-12 3.41829147e-12 2.54773138e-10
2.97949 2.98549 2.65136048e-10 3.62962043e-12 3.62962043e-12 2.65136048e-10
2.98549 2.99151 2.51837432e-10 3.55454851e-12 3.55454851e-12 2.51837432e-10
2.99151 2.99754 2.65255556e-10 3.20546253e-12 3.20546253e-12 2.65255556e-10
2.99754 3.00358 2.57737574e-10 3.27520785e-12 3.27520785e-12 2.57737574e-10
3.00358 3.00963 2.26970317e-10 2.9705667e-12 2.9705667e-12 2.26970317e-10
3.00963 3.0157 2.55243105e-10 2.59690694e-12 2.59690694e-12 2.55243105e-10
3.0157 3.02177 2.69472134e-10 2.78532766e-12 2.78532766e-12 2.69472134e-10
3.02177 3.02786 2.62488087e-10 2.95141144e-12 2.95141144e-12 2.62488087e-10
3.02786 3.03396 2.57010161e-10 2.95877973e-12 2.95877973e-12 2.57010161e-10
3.03396 3.04008 2.64908117e-10 2.9414789e-12 2.9414789e-12 2.64908117e-10
3.04008 3.04621 2.63397278e-10 2.54190177e-12 2.54190177e-12 2.63397278e-10
3.04621 3.05235 2.62670484e-10 2.26262468e-12 2.26262468e-12 2.62670484e-10
3.05235 3.0585 2.70202487e-10 2.49860262e-12 2.49860262e-12 2.70202487e-10
3.0585 3.06466 2.8628719e-10 2.90908875e-12 2.90908875e-12 2.8628719e-10
3.06466 3.07084 2.71014817e-10 2.97322571e-12 2.97322571e-12 2.71014817e-10
3.07084 3.07703 2.66209413e-10 2.88397371e-12 2.88397371e-12 2.66209413e-10
3.07703 3.08323 2.83889877e-10 3.09301973e-12 3.09301973e-12 2.83889877e-10
3.08323 3.08944 2.77227748e-10 2.75326068e-12 2.75326068e-12 2.77227748e-10
3.08944 3.09567 2.61843525e-10 2.92296636e-12 2.92296636e-12 2.61843525e-10
3.09567 3.10191 2.78753927e-10 3.0391349e-12 3.0391349e-12 2.78753927e-10
3.10191 3.10816 2.79775411e-10 2.85183769e-12 2.85183769e-12 2.79775411e-10
3.10816 3.11442 2.66212682e-10 2.66407677e-12 2.66407677e-12 2.66212682e-10
3.11442 3.1207 2.83839054e-10 2.87599943e-12 2.87599943e-12 2.83839054e-10
3.1207 3.12699 2.78091099e-10 2.79387009e-12 2.79387009e-12 2.78091099e-10
3.12699 3.13329 2.72752863e-10 2.59283282e-12 2.59283282e-12 2.72752863e-10
3.13329 3.1396 2.88854024e-10 2.4347794e-12 2.4347794e-12 2.88854024e-10
3.1396 3.14593 2.74012453e-10 2.70019919e-12 2.70019919e-12 2.74012453e-10
3.14593 3.15227 2.65054015e-10 2.47540559e-12 2.47540559e-12 2.65054015e-10
3.15227 3.15862 2.66883152e-10 2.21978823e-12 2.21978823e-12 2.66883152e-10
3.15862 3.16499 2.82453193e-10 2.41952472e-12 2.41952472e-12 2.82453193e-10
3.16499 3.17137 2.71754845e-10 2.40062065e-12 2.40062065e-12 2.71754845e-10
3.17137 3.17776 2.60417719e-10 2.87594175e-12 2.87594175e-12 2.60417719e-10
3.17776 3.18416 2.70487532e-10 2.37446924e-12 2.37446924e-12 2.70487532e-10
3.18416 3.19058 2.65653202e-10 2.74465841e-12 2.74465841e-12 2.65653202e-10
3.19058 3.19701 2.76412082e-10 2.31423402e-12 2.31423402e-12 2.76412082e-10
3.19701 3.20345 2.6836534e-10 2.43129921e-12 2.43129921e-12 2.6836534e-10
3.20345 3.20991 2.72827146e-10 2.54507078e-12 2.54507078e-12 2.72827146e-10
3.20991 3.21638 2.65436812e-10 2.30430529e-12 2.30430529e-12 2.65436812e-10
3.21638 3.22286 2.74999445e-10 2.2054198e-12 2.2054198e-12 2.74999445e-10
3.22286 3.22936 2.70058992e-10 2.510024e-12 2.510024e-12 2.70058992e-10
3.22936 3.23587 2.73867442e-10 2.16942605e-12 2.16942605e-12 2.73867442e-10
3.23587 3.24239 2.68211832e-10 2.09624011e-12 2.09624011e-12 2.68211832e-10
3.24239 3.24892 2.79786876e-10 2.50229428e-12 2.50229428e-12 2.79786876e-10
3.24892 3.25547 2.8738594e-10 2.34409394e-12 2.34409394e-12 2.8738594e-10
3.25547 3.26203 2.89118953e-10 2.07575375e-12 2.07575375e-12 2.89118953e-10
3.26203 3.2686 2.89678034e-10 2.06710128e-12 2.06710128e-12 2.89678034e-10
3.2686 3.27519 2.83854438e-10 2.23899361e-12 2.23899361e-12 2.83854438e-10
3.27519 3.28179 2.80543837e-10 2.29417993e-12 2.29417993e-12 2.80543837e-10
3.28179 3.28841 2.91266087e-10 2.57087302e-12 2.57087302e-12 2.91266087e-10
3.28841 3.29503 2.92856132e-10 1.8179489e-12 1.8179489e-12 2.92856132e-10
3.29503 3.30167 2.85619399e-10 2.0889433e-12 2.0889433e-12 2.85619399e-10
3.30167 3.30833 2.87005095e-10 2.58843354e-12 2.58843354e-12 2.87005095e-10
3.30833 3.315 2.60211226e-10 2.32306109e-12 2.32306109e-12 2.60211226e-10
3.315 3.32168 2.1176389e-10 2.29445118e-12 2.29445118e-12 2.1176389e-10
3.32168 3.32837 2.0950472e-10 2.03456718e-12 2.03456718e-12 2.0950472e-10
3.32837 3.33508 2.1698712e-10 1.96782589e-12 1.96782589e-12 2.1698712e-10
3.33508 3.3418 2.2127649e-10 2.04821271e-12 2.04821271e-12 2.2127649e-10
3.3418 3.34853 2.49063286e-10 2.23840636e-12 2.23840636e-12 2.49063286e-10
3.34853 3.35528 2.54769689e-10 2.61659461e-12 2.61659461e-12 2.54769689e-10
3.35528 3.36204 2.55489169e-10 2.13810987e-12 2.13810987e-12 2.55489169e-10
3.36204 3.36882 2.72168566e-10 2.40469714e-12 2.40469714e-12 2.72168566e-10
3.36882 3.37561 2.78469337e-10 2.68345028e-12 2.68345028e-12 2.78469337e-10
3.37561 3.38241 2.72924067e-10 2.01349067e-12 2.01349067e-12 2.72924067e-10
3.38241 3.38923 2.8721333e-10 2.1740343e-12 2.1740343e-12 2.8721333e-10
3.38923 3.39606 2.80460364e-10 2.13825218e-12 2.13825218e-12 2.80460364e-10
3.39606 3.4029 2.84211493e-10 1.79733543e-12 1.79733543e-12 2.84211493e-10
3.4029 3.40976 2.80655335e-10 2.21157046e-12 2.21157046e-12 2.80655335e-10
3.40976 3.41663 2.8108727e-10 2.63944658e-12 2.63944658e-12 2.8108727e-10
3.41663 3.42352 2.79671244e-10 2.07752732e-12 2.07752732e-12 2.79671244e-10
3.42352 3.43042 2.73731985e-10 1.92625163e-12 1.92625163e-12 2.73731985e-10
3.43042 3.43733 2.83945904e-10 1.98525505e-12 1.98525505e-12 2.83945904e-10
3.43733 3.44426 2.80074565e-10 1.81873205e-12 1.81873205e-12 2.80074565e-10
3.44426 3.4512 2.84171212e-10 2.33446892e-12 2.33446892e-12 2.84171212e-10
3.4512 3.45816 2.69033783e-10 1.91605288e-12 1.91605288e-12 2.69033783e-10
3.45816 3.46513 2.79448021e-10 1.8280315e-12 1.8280315e-12 2.79448021e-10
3.46513 3.47211 2.78254777e-10 2.40599605e-12 2.40599605e-12 2.78254777e-10
3.47211 3.47911 2.92588742e-10 2.31153747e-12 2.31153747e-12 2.92588742e-10
3.47911 3.48612 2.88331294e-10 2.14896305e-12 2.14896305e-12 2.88331294e-10
3.48612 3.49314 2.70660962e-10 2.18374312e-12 2.18374312e-12 2.70660962e-10
3.49314 3.50018 2.82562884e-10 2.08687634e-12 2.08687634e-12 2.82562884e-10
3.50018 3.50724 2.87205435e-10 2.36285701e-12 2.36285701e-12 2.87205435e-10
3.50724 3.51431 2.84089582e-10 2.1125012e-12 2.1125012e-12 2.84089582e-10
3.51431 3.52139 2.84465611e-10 2.19396438e-12 2.19396438e-12 2.84465611e-10
3.52139 3.52849 2.95484192e-10 1.98591454e-12 1.98591454e-12 2.95484192e-10
3.52849 3.5356 2.93076958e-10 1.99599805e-12 1.99599805e-12 2.93076958e-10
3.5356 3.54272 2.91853995e-10 2.3467054e-12 2.3467054e-12 2.91853995e-10
3.54272 3.54986 2.87357576e-10 2.02260927e-12 2.02260927e-12 2.87357576e-10
3.54986 3.55702 2.97602137e-10 2.12235664e-12 2.12235664e-12 2.97602137e-10
3.55702 3.56419 2.957276e-10 2.16302197e-12 2.16302197e-12 2.957276e-10
3.56419 3.57137 2.92886638e-10 1.88782993e-12 1.88782993e-12 2.92886638e-10
3.57137 3.57857 3.00698668e-10 1.98280965e-12 1.98280965e-12 3.00698668e-10
3.57857 3.58578 2.98678827e-10 2.57893724e-12 2.57893724e-12 2.98678827e-10
3.58578 3.593 2.99580991e-10 2.00399354e-12 2.00399354e-12 2.99580991e-10
3.593 3.60025 2.94473967e-10 1.82565607e-12 1.82565607e-12 2.94473967e-10
3.60025 3.6075 2.92582683e-10 1.8191537e-12 1.8191537e-12 2.92582683e-10
3.6075 3.61477 2.96433513e-10 2.66042909e-12 2.66042909e-12 2.96433513e-10
3.61477 3.62206 2.96794902e-10 2.24556298e-12 2.24556298e-12 2.96794902e-10
3.62206 3.62936 2.9349991e-10 1.72321844e-12 1.72321844e-12 2.9349991e-10
3.62936 3.63667 2.97427132e-10 1.6564585e-12 1.6564585e-12 2.97427132e-10
3.63667 3.644 3.0250765e-10 1.69225421e-12 1.69225421e-12 3.0250765e-10
3.644 3.65134 3.04721649e-10 1.83136545e-12 1.83136545e-12 3.04721649e-10
3.65134 3.6587 2.9975932e-10 1.87285084e-12 1.87285084e-12 2.9975932e-10
3.6587 3.66608 3.00048674e-10 2.27002675e-12 2.27002675e-12 3.00048674e-10
3.66608 3.67346 3.06350045e-10 2.30051586e-12 2.30051586e-12 3.06350045e-10
3.67346 3.68087 3.00791188e-10 1.95697805e-12 1.95697805e-12 3.00791188e-10
3.68087 3.68829 3.11066716e-10 2.19286579e-12 2.19286579e-12 3.11066716e-10
3.68829 3.69572 3.07015799e-10 2.09514905e-12 2.09514905e-12 3.07015799e-10
3.69572 3.70317 3.02426265e-10 2.45460048e-12 2.45460048e-12 3.02426265e-10
3.70317 3.71063 3.04887355e-10 2.41933267e-12 2.41933267e-12 3.04887355e-10
3.71063 3.71811 3.11337521e-10 2.23784926e-12 2.23784926e-12 3.11337521e-10
3.71811 3.7256 3.09711671e-10 2.49298566e-12 2.49298566e-12 3.09711671e-10
3.7256 3.73311 3.10927998e-10 2.31797438e-12 2.31797438e-12 3.10927998e-10
3.73311 3.74063 3.06325457e-10 1.65522576e-12 1.65522576e-12 3.06325457e-10
3.74063 3.74817 3.01671908e-10 1.91780339e-12 1.91780339e-12 3.01671908e-10
3.74817 3.75573 3.11451779e-10 1.80295909e-12 1.80295909e-12 3.11451779e-10
3.75573 3.7633 3.10396122e-10 1.96259686e-12 1.96259686e-12 3.10396122e-10
3.7633 3.77088 3.06175371e-10 1.65555157e-12 1.65555157e-12 3.06175371e-10
3.77088 3.77848 3.0640678e-10 1.76704298e-12 1.76704298e-12 3.0640678e-10
3.77848 3.78609 3.08199532e-10 1.73073459e-12 1.73073459e-12 3.08199532e-10
3.78609 3.79372 3.05662201e-10 2.3326434e-12 2.3326434e-12 3.05662201e-10
3.79372 3.80137 3.06349448e-10 1.96578717e-12 1.96578717e-12 3.06349448e-10
3.80137 3.80903 3.00252866e-10 1.98066068e-12 1.98066068e-12 3.00252866e-10
3.80903 3.81671 3.07451901e-10 1.82474478e-12 1.82474478e-12 3.07451901e-10
3.81671 3.8244 3.01913034e-10 2.04350578e-12 2.04350578e-12 3.01913034e-10
3.8244 3.83211 3.03254119e-10 2.09594377e-12 2.09594377e-12 3.03254119e-10
3.83211 3.83983 3.05174714e-10 2.04017721e-12 2.04017721e-12 3.05174714e-10
3.83983 3.84757 3.06212372e-10 2.33417306e-12 2.33417306e-12 3.06212372e-10
3.84757 3.85532 3.03271473e-10 2.62994888e-12 2.62994888e-12 3.03271473e-10
3.85532 3.86309 2.99850529e-10 2.15591209e-12 2.15591209e-12 2.99850529e-10
3.86309 3.87088 3.00517622e-10 2.42279585e-12 2.42279585e-12 3.00517622e-10
3.87088 3.87868 3.04981291e-10 2.18739017e-12 2.18739017e-12 3.04981291e-10
3.87868 3.8865 3.07022068e-10 2.34212831e-12 2.34212831e-12 3.07022068e-10
3.8865 3.89433 2.97266273e-10 2.36424898e-12 2.36424898e-12 2.97266273e-10
3.89433 3.90218 2.9721694e-10 1.94966331e-12 1.94966331e-12 2.9721694e-10
3.90218 3.91004 3.02970036e-10 2.6460708e-12 2.6460708e-12 3.02970036e-10
3.91004 3.91792 2.95696367e-10 2.11470277e-12 2.11470277e-12 2.95696367e-10
3.91792 3.92582 3.04673861e-10 1.89973637e-12 1.89973637e-12 3.04673861e-10
3.92582 3.93373 3.0046302e-10 2.46824573e-12 2.46824573e-12 3.0046302e-10
3.93373 3.94166 3.01304874e-10 1.5907893e-12 1.5907893e-12 3.01304874e-10
3.94166 3.9496 2.94082004e-10 2.23349661e-12 2.23349661e-12 2.94082004e-10
3.9496 3.95756 2.9251091e-10 1.85570355e-12 1.85570355e-12 2.9251091e-10
3.95756 3.96554 2.96889138e-10 1.84460887e-12 1.84460887e-12 2.96889138e-10
3.96554 3.97353 3.01475401e-10 1.5873216e-12 1.5873216e-12 3.01475401e-10
3.97353 3.98154 2.89443306e-10 2.23321842e-12 2.23321842e-12 2.89443306e-10
3.98154 3.98956 2.97679083e-10 1.79686923e-12 1.79686923e-12 2.97679083e-10
3.98956 3.9976 2.92412577e-10 2.16323582e-12 2.16323582e-12 2.92412577e-10
3.9976 4.00565 2.95048147e-10 1.61084364e-12 1.61084364e-12 2.95048147e-10
4.20399 4.21228 1.60324106e-10 2.08101461e-12 2.08101461e-12 1.60324106e-10
4.21228 4.22082 1.49687672e-10 2.08101461e-12 2.08101461e-12 1.49687672e-10
4.22082 4.22938 1.49296072e-10 2.11889616e-12 2.11889616e-12 1.49296072e-10
4.22938 4.23795 1.56411558e-10 1.84876656e-12 1.84876656e-12 1.56411558e-10
4.23795 4.24654 1.46099088e-10 1.96481206e-12 1.96481206e-12 1.46099088e-10
4.24654 4.25515 1.47850608e-10 1.99843318e-12 1.99843318e-12 1.47850608e-10
4.25515 4.26378 1.46209844e-10 1.7197959e-12 1.7197959e-12 1.46209844e-10
4.26378 4.27243 1.41204169e-10 1.56614495e-12 1.56614495e-12 1.41204169e-10
4.27243 4.28109 1.42939197e-10 2.16859637e-12 2.16859637e-12 1.42939197e-10
4.28109 4.28977 1.48364217e-10 2.22591449e-12 2.22591449e-12 1.48364217e-10
4.28977 4.29846 1.4610992e-10 1.91509623e-12 1.91509623e-12 1.4610992e-10
4.29846 4.30718 1.40820043e-10 1.89212418e-12 1.89212418e-12 1.40820043e-10
4.30718 4.31591 1.35427111e-10 1.96895229e-12 1.96895229e-12 1.35427111e-10
4.31591 4.32466 1.34683131e-10 2.1240246e-12 2.1240246e-12 1.34683131e-10
4.32466 4.33343 1.36901597e-10 1.98575813e-12 1.98575813e-12 1.36901597e-10
4.33343 4.34221 1.36167729e-10 1.54494907e-12 1.54494907e-12 1.36167729e-10
4.34221 4.35102 1.32187906e-10 1.662907e-12 1.662907e-12 1.32187906e-10
4.35102 4.35984 1.2780907e-10 1.73215608e-12 1.73215608e-12 1.2780907e-10
4.35984 4.36868 1.22340553e-10 1.89717381e-12 1.89717381e-12 1.22340553e-10
4.36868 4.37754 1.25434271e-10 1.68080659e-12 1.68080659e-12 1.25434271e-10
4.37754 4.38641 1.21811089e-10 1.62635886e-12 1.62635886e-12 1.21811089e-10
4.38641 4.3953 1.1772355e-10 1.90138004e-12 1.90138004e-12 1.1772355e-10
4.3953 4.40422 1.09711995e-10 1.88422053e-12 1.88422053e-12 1.09711995e-10
4.40422 4.41314 1.14034202e-10 1.61031719e-12 1.61031719e-12 1.14034202e-10
4.41314 4.42209 1.16678797e-10 1.75269616e-12 1.75269616e-12 1.16678797e-10
4.42209 4.43106 1.05711923e-10 2.03672733e-12 2.03672733e-12 1.05711923e-10
4.43106 4.44004 1.03474079e-10 2.28079319e-12 2.28079319e-12 1.03474079e-10
4.44004 4.44904 1.02115991e-10 2.16049731e-12 2.16049731e-12 1.02115991e-10
4.44904 4.45806 9.72184272e-11 2.03401017e-12 2.03401017e-12 9.72184272e-11
4.45806 4.4671 9.56188809e-11 1.98636492e-12 1.98636492e-12 9.56188809e-11
4.4671 4.47616 9.9530006e-11 1.78749156e-12 1.78749156e-12 9.9530006e-11
4.47616 4.48523 8.77019364e-11 1.86025666e-12 1.86025666e-12 8.77019364e-11
4.48523 4.49433 9.26535147e-11 1.61576254e-12 1.61576254e-12 9.26535147e-11
4.49433 4.50344 9.46014741e-11 1.65975275e-12 1.65975275e-12 9.46014741e-11
4.50344 4.51257 9.68598954e-11 1.73222945e-12 1.73222945e-12 9.68598954e-11
4.51257 4.52172 8.69156595e-11 1.97110819e-12 1.97110819e-12 8.69156595e-11
4.52172 4.53088 8.77787848e-11 1.74120642e-12 1.74120642e-12 8.77787848e-11
4.53088 4.54007 7.86943829e-11 1.66952768e-12 1.66952768e-12 7.86943829e-11
4.54007 4.54928 8.32200185e-11 1.80460961e-12 1.80460961e-12 8.32200185e-11
4.54928 4.5585 8.04637087e-11 1.95769037e-12 1.95769037e-12 8.04637087e-11
4.5585 4.56774 7.96101686e-11 1.7587478e-12 1.7587478e-12 7.96101686e-11
4.56774 4.577 8.04014201e-11 1.74970509e-12 1.74970509e-12 8.04014201e-11
4.577 4.58628 8.70838436e-11 1.96363089e-12 1.96363089e-12 8.70838436e-11
4.58628 4.59558 8.26335166e-11 1.9745401e-12 1.9745401e-12 8.26335166e-11
4.59558 4.6049 8.49522532e-11 1.6520528e-12 1.6520528e-12 8.49522532e-11
4.6049 4.61423 8.69432529e-11 1.70124419e-12 1.70124419e-12 8.69432529e-11
4.61423 4.62359 8.61364423e-11 1.6520456e-12 1.6520456e-12 8.61364423e-11
4.62359 4.63296 8.99793477e-11 1.32540521e-12 1.32540521e-12 8.99793477e-11
4.63296 4.64235 8.57712015e-11 1.61139188e-12 1.61139188e-12 8.57712015e-11
4.64235 4.65177 8.63474797e-11 1.17619053e-12 1.17619053e-12 8.63474797e-11
4.65177 4.6612 9.16137841e-11 1.81419144e-12 1.81419144e-12 9.16137841e-11
4.6612 4.67065 9.94181692e-11 1.7133706e-12 1.7133706e-12 9.94181692e-11
4.67065 4.68012 9.29083406e-11 1.87374912e-12 1.87374912e-12 9.29083406e-11
4.68012 4.68961 1.00271322e-10 1.81054775e-12 1.81054775e-12 1.00271322e-10
4.68961 4.69911 9.58879132e-11 1.47420851e-12 1.47420851e-12 9.58879132e-11
4.69911 4.70864 9.15988526e-11 2.02670644e-12 2.02670644e-12 9.15988526e-11
4.70864 4.71819 9.23943931e-11 1.58792011e-12 1.58792011e-12 9.23943931e-11
4.71819 4.72775 9.54025127e-11 1.58492103e-12 1.58492103e-12 9.54025127e-11
4.72775 4.73734 9.16409048e-11 1.44345658e-12 1.44345658e-12 9.16409048e-11
4.73734 4.74694 9.61945527e-11 1.52902971e-12 1.52902971e-12 9.61945527e-11
4.74694 4.75657 9.49685679e-11 1.63384463e-12 1.63384463e-12 9.49685679e-11
4.75657 4.76621 8.65837659e-11 1.79991979e-12 1.79991979e-12 8.65837659e-11
4.76621 4.77587 8.20600473e-11 1.50479082e-12 1.50479082e-12 8.20600473e-11
4.77587 4.78556 7.79724368e-11 1.42619247e-12 1.42619247e-12 7.79724368e-11
4.78556 4.79526 8.09648636e-11 1.29436687e-12 1.29436687e-12 8.09648636e-11
4.79526 4.80498 8.0022145e-11 1.33196952e-12 1.33196952e-12 8.0022145e-11
4.80498 4.81472 7.85964912e-11 1.58367335e-12 1.58367335e-12 7.85964912e-11
4.81472 4.82448 7.43186051e-11 1.66194288e-12 1.66194288e-12 7.43186051e-11
4.82448 4.83426 8.13201242e-11 1.81465477e-12 1.81465477e-12 8.13201242e-11
4.83426 4.84407 8.28210834e-11 1.86335291e-12 1.86335291e-12 8.28210834e-11
4.84407 4.85389 8.417564e-11 1.88632481e-12 1.88632481e-12 8.417564e-11
4.85389 4.86373 8.40641499e-11 1.84987338e-12 1.84987338e-12 8.40641499e-11
4.86373 4.87359 8.61951764e-11 1.9180562e-12 1.9180562e-12 8.61951764e-11
4.87359 4.88347 8.4851061e-11 1.66757225e-12 1.66757225e-12 8.4851061e-11
4.88347 4.89337 8.41142606e-11 1.68304835e-12 1.68304835e-12 8.41142606e-11
4.89337 4.90329 7.49861365e-11 1.70984339e-12 1.70984339e-12 7.49861365e-11
4.90329 4.91323 8.69176368e-11 1.67378804e-12 1.67378804e-12 8.69176368e-11
4.91323 4.92319 8.60011372e-11 2.04623282e-12 2.04623282e-12 8.60011372e-11
4.92319 4.93317 7.95340693e-11 1.75641729e-12 1.75641729e-12 7.95340693e-11
4.93317 4.94318 9.00137864e-11 1.79001624e-12 1.79001624e-12 9.00137864e-11
4.94318 4.9532 8.80325182e-11 1.99338677e-12 1.99338677e-12 8.80325182e-11
4.9532 4.96324 8.40275841e-11 1.9570293e-12 1.9570293e-12 8.40275841e-11
4.96324 4.9733 8.57119815e-11 1.96855575e-12 1.96855575e-12 8.57119815e-11
4.9733 4.98339 9.53834374e-11 2.00411587e-12 2.00411587e-12 9.53834374e-11
4.98339 4.99349 9.54325802e-11 2.16997067e-12 2.16997067e-12 9.54325802e-11
4.99349 5.00361 8.15079717e-11 2.08378592e-12 2.08378592e-12 8.15079717e-11
5.00361 5.01376 9.42540858e-11 1.71369701e-12 1.71369701e-12 9.42540858e-11
5.01376 5.02392 8.39907536e-11 1.70445621e-12 1.70445621e-12 8.39907536e-11
5.02392 5.03411 9.06298978e-11 1.91641254e-12 1.91641254e-12 9.06298978e-11
5.03411 5.04431 8.76950617e-11 2.02081495e-12 2.02081495e-12 8.76950617e-11
5.04431 5.05454 9.55349987e-11 1.77494432e-12 1.77494432e-12 9.55349987e-11
5.05454 5.06479 1.00134405e-10 2.14093763e-12 2.14093763e-12 1.00134405e-10
5.06479 5.07506 9.75628785e-11 1.86683737e-12 1.86683737e-12 9.75628785e-11
5.07506 5.08535 8.67496382e-11 1.76428956e-12 1.76428956e-12 8.67496382e-11
5.08535 5.09566 9.10558399e-11 1.62831247e-12 1.62831247e-12 9.10558399e-11
5.09566 5.10599 9.85603252e-11 1.64813873e-12 1.64813873e-12 9.85603252e-11
5.10599 5.11634 9.85897942e-11 1.5671057e-12 1.5671057e-12 9.85897942e-11
5.11634 5.12671 1.04302324e-10 1.89856595e-12 1.89856595e-12 1.04302324e-10
5.12671 5.13711 9.28813544e-11 1.95402477e-12 1.95402477e-12 9.28813544e-11
5.13711 5.14752 8.57473226e-11 1.94336223e-12 1.94336223e-12 8.57473226e-11
5.14752 5.15796 9.80445725e-11 2.00350208e-12 2.00350208e-12 9.80445725e-11
5.15796 5.16841 9.83653682e-11 1.91472883e-12 1.91472883e-12 9.83653682e-11
5.16841 5.17889 1.01788377e-10 2.03225345e-12 2.03225345e-12 1.01788377e-10
5.17889 5.18939 1.0137501e-10 2.01382507e-12 2.01382507e-12 1.0137501e-10
5.18939 5.19991 9.6573498e-11 1.97837814e-12 1.97837814e-12 9.6573498e-11
5.19991 5.21046 9.14892967e-11 2.28842377e-12 2.28842377e-12 9.14892967e-11
5.21046 5.22102 9.49684998e-11 2.0575474e-12 2.0575474e-12 9.49684998e-11
5.22102 5.23161 9.13830722e-11 2.21171059e-12 2.21171059e-12 9.13830722e-11
5.23161 5.24221 9.55651161e-11 2.09826446e-12 2.09826446e-12 9.55651161e-11
5.24221 5.25284 9.54091813e-11 1.96772359e-12 1.96772359e-12 9.54091813e-11
5.25284 5.26348 9.26409745e-11 2.23956585e-12 2.23956585e-12 9.26409745e-11
